1.570190150956692066e-02
1.598570487090494180e-02
1.585963285979264878e-02
1.575419595363816705e-02
1.565582586425007250e-02
1.534573394454110361e-02
1.509132854095123800e-02
1.465459926478863105e-02
1.417744779672228984e-02
1.343656272693445272e-02
1.270670189130219951e-02
1.178292760360033151e-02
1.099794559719028536e-02
1.023105464170219123e-02
9.532005127171411935e-03
8.840870447418981010e-03
8.409511951998844062e-03
8.017444957799791175e-03
7.776042497060079231e-03
7.599937423241752595e-03
7.353729527100896605e-03
7.335073130837641182e-03
7.310480608490617545e-03
7.233028296731031093e-03
7.205326375006801398e-03
7.181016525330430333e-03
7.263274272491156494e-03
7.347228055675819776e-03
7.408568025208032634e-03
7.516548985398397928e-03
7.786784058544974144e-03
7.872433877753572812e-03
8.026490483260772385e-03
8.298986937772588265e-03
8.618124382942533163e-03
9.036197262841848266e-03
9.645356868104221215e-03
1.056969650114736141e-02
1.145022187023894342e-02
1.242685594735335949e-02
1.319431224818278306e-02
1.394311215274896508e-02
1.461219836419030971e-02
1.491861553918076566e-02
1.534629928988242090e-02
1.554982361275431511e-02
1.581044781509857722e-02
1.572112325117147949e-02
1.589157487157670870e-02
1.605637303856878584e-02
