6.402054399869268678e-03
6.598040784857019114e-03
7.145127565515152317e-03
7.895571159314423298e-03
9.030700849801179958e-03
1.047999504032598797e-02
1.242201910387771488e-02
1.488918617335815986e-02
1.793401054936023462e-02
2.156377890517200899e-02
2.570018044166366006e-02
3.018123324919142619e-02
3.456931815614804060e-02
3.872992484873419988e-02
4.277293971032775782e-02
4.607288140627547463e-02
4.861433904134750128e-02
5.061968178312603595e-02
5.182215038537783813e-02
5.301657852055321335e-02
5.370454098477950300e-02
5.422490996338160535e-02
5.452115092222845766e-02
5.482920131709378975e-02
5.495810005491277156e-02
5.510182340390377270e-02
5.508322982378951321e-02
5.496781561929674209e-02
5.472015248236988816e-02
5.452609245928589227e-02
5.455482037811100471e-02
5.412314780194562441e-02
5.355604360846182022e-02
5.224527996527452561e-02
5.051817088628625385e-02
4.797629447688733784e-02
4.464553099048005486e-02
4.052428908462213375e-02
3.588519084612352278e-02
3.092447392456807581e-02
2.586526128132645569e-02
2.120137160267542009e-02
1.714964623508233657e-02
1.398027837426112606e-02
1.136411139927074286e-02
9.497885488887351790e-03
8.146165716529507952e-03
7.258531653238808889e-03
6.677524152102043420e-03
6.325334943181744676e-03
