1.609736057581382870e-02
1.582514679397267754e-02
1.600125186779099637e-02
1.613750009504689650e-02
1.594245595229465753e-02
1.596930985600693298e-02
1.579377012752992276e-02
1.553795136058678736e-02
1.532396814890063866e-02
1.489911112490554558e-02
1.403017533531083008e-02
1.299870276008922507e-02
1.167805604278717921e-02
1.041507455029885669e-02
9.158029183894324937e-03
8.033839972697827750e-03
7.374647304729395163e-03
6.901170581381557353e-03
6.578075718822405313e-03
6.443806200261076658e-03
6.381618212716882663e-03
6.301621846921392697e-03
6.305013918969261735e-03
6.205230466227893912e-03
6.147847914084839625e-03
6.190531487353811806e-03
6.135127643905344610e-03
6.119863319689953021e-03
6.031669446445460381e-03
6.216820045724769095e-03
6.339782657459876007e-03
6.532282746176225341e-03
7.006042142194722662e-03
7.549904360535765815e-03
8.375591231520210928e-03
9.410173206118936998e-03
1.046934770306469711e-02
1.175070291914561901e-02
1.302612200914279525e-02
1.409208065018434722e-02
1.473374761257211819e-02
1.532142409486472734e-02
1.569596538348314724e-02
1.579574883622449771e-02
1.594500000633055498e-02
1.601792955535965776e-02
1.604365276838930904e-02
1.611884369878364281e-02
1.595037078707301631e-02
1.613721742237626128e-02
