7.425706364536115069e-04
7.898083805275835350e-04
8.714693742724828390e-04
9.567318272286958608e-04
1.083871712874601070e-03
1.272655179439733828e-03
1.636905088974676499e-03
2.263810256339363145e-03
3.419878663170976794e-03
5.413830743257932315e-03
8.789821856970043285e-03
1.410180668392663553e-02
2.195449535216689382e-02
3.195516129792676241e-02
4.324096189806776735e-02
5.392238738963128775e-02
6.241554951342780100e-02
6.778599523641919145e-02
7.041279907931270732e-02
7.125210658527950103e-02
7.179039910507287181e-02
7.214677605726196874e-02
7.286530904735170899e-02
7.357596908009582382e-02
7.450807697690295384e-02
7.522066337155067228e-02
7.547243049688116823e-02
7.553725676268487066e-02
7.548306736478435641e-02
7.520877018066698949e-02
7.426133514349535225e-02
7.229460339465676455e-02
6.900253465605471481e-02
6.327219427652812367e-02
5.505508818902208473e-02
4.433103147098035879e-02
3.272135080641735971e-02
2.195290400972469552e-02
1.356770190740226589e-02
7.938537405253985602e-03
4.471085978547623650e-03
2.620522227990174612e-03
1.707426685624119063e-03
1.260091949632824492e-03
1.047103326973050814e-03
9.062276434049275440e-04
8.212164550448524314e-04
7.689534190481169072e-04
7.212131457818678681e-04
7.036246240521976374e-04
