1.561540367234634866e-02
1.546530448422832674e-02
1.542262091095935109e-02
1.531407460542766850e-02
1.510998493721447435e-02
1.493077046401895466e-02
1.448556100773666644e-02
1.398918779806576640e-02
1.351882047409518062e-02
1.286160651482133946e-02
1.232707249461198126e-02
1.165911697385326254e-02
1.088713791029337005e-02
1.040235428011937642e-02
9.849163863646773209e-03
9.331307531006086814e-03
9.056267022458397778e-03
8.747023120761397014e-03
8.575723482344225698e-03
8.450782161914544705e-03
8.343649219736151007e-03
8.329798258874032690e-03
8.242452403641516850e-03
8.213054445893350902e-03
8.224926698060880392e-03
8.237646968240367601e-03
8.178003034732077986e-03
8.165848109893892454e-03
8.209097028504169780e-03
8.220121262659736347e-03
8.135602134133763583e-03
8.262522163258043811e-03
8.237929640911027113e-03
8.518340930201182687e-03
8.610492220834833899e-03
8.942349936184267739e-03
9.461902304848878245e-03
1.006456043868617437e-02
1.067372004394854905e-02
1.143665358204747941e-02
1.218743219530822250e-02
1.310272630289040750e-02
1.365422068333911262e-02
1.423200362215877243e-02
1.465601262814187657e-02
1.511987848068742715e-02
1.524453712844646078e-02
1.551816427364088348e-02
1.551986030966482320e-02
1.554388748667052608e-02
