1.158188072552838843e+00
1.099574604187150584e+00
1.019031774451019778e+00
9.244338215968128658e-01
8.218986629762009555e-01
7.172109013550873602e-01
6.149222119733610548e-01
5.181546471398743581e-01
4.269101547352427972e-01
3.505318043693583796e-01
2.817119300202133858e-01
2.231099349377463903e-01
1.740414354601884372e-01
1.318734996154435901e-01
1.012523205572424811e-01
7.437553397942983646e-02
5.569242097230976685e-02
4.038671932654008118e-02
2.837580107987794018e-02
2.003841628753007947e-02
1.410369129724727520e-02
1.000223218865935529e-02
6.826880870330143472e-03
4.589329828993886189e-03
3.045986656940848601e-03
1.897845526973575237e-03
1.213530789058830852e-03
7.681519762945007669e-04
4.309725928014969160e-04
1.847563949040082615e-04
3.751792342360080250e-05
