2.371896789813069673e-01
2.369643451846279725e-01
2.379801942680168647e-01
2.369708096787949969e-01
2.375664666413275228e-01
2.369708096787949969e-01
2.374297887646534544e-01
2.372875698929789723e-01
2.371684385004725060e-01
2.371749029946395304e-01
2.370576186004664521e-01
2.372764879029783669e-01
2.363973166962635153e-01
2.329803697794099737e-01
2.093738840797852996e-01
1.343044838156802478e-01
5.390279936294869317e-02
1.582877571753236665e-02
5.201147306951135231e-03
2.848071430155768840e-03
2.475901265968748297e-03
2.766803503484656715e-03
2.790814481819304041e-03
2.803743470153343374e-03
2.922874862659857829e-03
2.608885145976019924e-03
2.686459075980265464e-03
2.430649806799606728e-03
2.502682741803546104e-03
2.627355129310364988e-03
3.162984646006325885e-03
5.772793291149069285e-03
1.811997715015770116e-02
5.845380325653100340e-02
1.355816831632500330e-01
2.057112863845848572e-01
2.315120061043296207e-01
2.361101084554145246e-01
2.369800446704622143e-01
2.372709469079781197e-01
2.372026079696409606e-01
2.367168474079478224e-01
2.379053908355127922e-01
2.368479842896216159e-01
2.372949578863127740e-01
2.371989139729741847e-01
2.373762258129839264e-01
2.374113187813191583e-01
2.375239856796585725e-01
2.376680515496664703e-01
