9.996561957356317214e-04
1.036717723666008995e-03
1.102004641229239155e-03
1.267462377786212702e-03
1.501808491117730560e-03
1.934402370802252398e-03
2.631703502518322087e-03
3.796608047647476170e-03
5.801071363339490097e-03
9.016588154984656045e-03
1.371745560670056818e-02
2.029321759736678679e-02
2.826374936119589384e-02
3.695109714037422832e-02
4.548818869106195650e-02
5.305422633254123360e-02
5.937985441775202322e-02
6.398880090471417703e-02
6.740218856581821349e-02
6.941737250427887362e-02
7.068366231394965227e-02
7.124197224656866889e-02
7.132518270532309246e-02
7.106679894562770161e-02
7.072340399757222340e-02
6.999905004433862321e-02
6.911644127297064677e-02
6.853283737100715478e-02
6.805053497872000368e-02
6.793227310880432801e-02
6.752246055250299417e-02
6.635592278749898043e-02
6.407397960280496185e-02
6.017213356680832514e-02
5.433165553930764669e-02
4.674949508624275107e-02
3.786599341234590105e-02
2.881841595717086688e-02
2.055599848749460265e-02
1.386653926707585513e-02
9.059931297818478446e-03
5.873016792700374959e-03
3.870647348642849463e-03
2.665414835833526154e-03
1.955257332281720977e-03
1.536985534577072540e-03
1.293091366592305242e-03
1.162182512004327059e-03
1.053343064443817891e-03
1.017286594897992688e-03
