1.605524234788618596e-02
1.606810395440098210e-02
1.613523871368166204e-02
1.605750372925142735e-02
1.596506976594709928e-02
1.594528267900122490e-02
1.573384352135097364e-02
1.559505124005916045e-02
1.514319897601649513e-02
1.465360991044132102e-02
1.382990174815145953e-02
1.281326948813927766e-02
1.155156002266888304e-02
1.039882087173617416e-02
9.196331330768133666e-03
8.266762253317886180e-03
7.528138564895299131e-03
6.978622893141145540e-03
6.577086364475108297e-03
6.373420705267873916e-03
6.281552087304860532e-03
6.147847914084838758e-03
6.150815977126721998e-03
6.167352328360064043e-03
6.230812342922208494e-03
6.275191952215111724e-03
6.379922176692946409e-03
6.469529413290717526e-03
6.582174472546907518e-03
6.512212986559688839e-03
6.576238346463143640e-03
6.707398465647262768e-03
7.032754709571664882e-03
7.470756012752247446e-03
8.145778350277365493e-03
9.088774379583757640e-03
1.023614274977398958e-02
1.155551744005805723e-02
1.279164502883413379e-02
1.383682722858251002e-02
1.473586765760204718e-02
1.527181504116469947e-02
1.556226121026313934e-02
1.584140047253535660e-02
1.598528086189895600e-02
1.606739727272436108e-02
1.611149420934659959e-02
1.604916488546708625e-02
1.619700269221985289e-02
1.615968989969334552e-02
