2.274596454761800861e-05
2.156507542039952404e-05
2.327134150481310765e-05
2.580458169507103685e-05
2.901048024893443641e-05
3.976641937678245865e-05
7.372467558912595737e-05
1.872122533871202824e-04
5.573119625647665045e-04
1.744073001616113340e-03
5.141801850338074791e-03
1.293597784217248581e-02
2.624219036484129117e-02
4.227151958585018826e-02
5.572268207224820302e-02
6.396759544238490858e-02
6.786690189196403766e-02
6.939309381527247744e-02
6.991926433347823988e-02
7.018677045282645244e-02
7.025327086551966249e-02
7.004780582959538315e-02
6.977037074522531024e-02
6.994827877054111964e-02
7.025884733524768999e-02
7.049182058107553162e-02
7.043371081208781026e-02
7.033422507975653493e-02
7.031361359648688469e-02
7.027617642156135103e-02
7.023896038856841662e-02
7.024314845626236647e-02
6.983212957592402348e-02
6.837715634606572612e-02
6.448000284289615025e-02
5.602671090286421435e-02
4.209225964911729456e-02
2.572877045961675588e-02
1.244025456730861803e-02
4.851717711210228913e-03
1.632136934514304659e-03
5.177016175141807086e-04
1.729290344872418084e-04
6.872414210700277513e-05
3.734177174587783611e-05
2.980843771948601316e-05
2.964137224355785661e-05
3.082314066275490121e-05
2.973633577724332872e-05
2.587228717742086017e-05
