5.899691311647738828e-02
5.792833223066892051e-02
5.726415162996591895e-02
5.714095684112583534e-02
5.440389001080947473e-02
5.118743476305014084e-02
4.503037346862996670e-02
3.874208294261922286e-02
3.208420805008824206e-02
2.545043648580868137e-02
1.975937287091402914e-02
1.646792949081731655e-02
1.496281054890166370e-02
1.387012633484190072e-02
1.303454428879621471e-02
1.249355847693328983e-02
1.174367715355894778e-02
1.126964503128301959e-02
1.130446094986825578e-02
1.116251912794382836e-02
1.120536948927950555e-02
1.111966876660815291e-02
1.073937180975402007e-02
1.112502506177511299e-02
1.152942534688056186e-02
1.124554170303170356e-02
1.133927686845349718e-02
1.140087426287353205e-02
1.095362361643241120e-02
1.078222217108970246e-02
1.046352260865560449e-02
1.015285748897195098e-02
1.005912232355015909e-02
1.042067224731993078e-02
1.080632549934101502e-02
1.115984098036035092e-02
1.193918192715296388e-02
1.339073791739900897e-02
1.516902791282959996e-02
1.899877895720575999e-02
2.538883909138864997e-02
3.275910124112515337e-02
4.095691099415708220e-02
4.793616359670559157e-02
5.337012504358623621e-02
5.644463846942106983e-02
5.763909229165311426e-02
5.928615305549317371e-02
5.930222194099408345e-02
5.903172903506263142e-02
