9.624578397731236787e-03
9.792331835744124552e-03
1.079942574330557993e-02
1.271272295864002769e-02
1.559080341983897292e-02
1.934199512479563635e-02
2.373862045585654890e-02
2.829562566466889417e-02
3.255246964289112283e-02
3.594160570122910403e-02
3.849984892563532851e-02
4.040036266741546533e-02
4.160312938280916195e-02
4.241976930266983664e-02
4.277544639135007210e-02
4.311094008853716408e-02
4.322469982433154584e-02
4.332478651495839939e-02
4.303346169572720703e-02
4.258873519384458184e-02
4.232067102494668775e-02
4.234629727682951567e-02
4.246041943068858820e-02
4.283581206208762066e-02
4.303370550424342328e-02
4.325061601066609168e-02
4.332866768296018967e-02
4.317888359153622402e-02
4.288549628404601799e-02
4.270687030409263396e-02
4.259635256262227221e-02
4.256646954583429704e-02
4.303385047146930653e-02
4.346164216560222116e-02
4.342779890778011159e-02
4.299926919867916308e-02
4.210365508781429428e-02
4.142006872362791886e-02
4.046861587312439862e-02
3.871160650612012755e-02
3.629655136436062829e-02
3.302377786246341734e-02
2.898892483298879524e-02
2.438548398596147165e-02
2.014879045213565159e-02
1.657206680351754405e-02
1.405809788777692346e-02
1.236469618583426779e-02
1.102082364431096820e-02
1.001888925210672743e-02
