5.035988715975488889e-02
5.039738122592359731e-02
4.978140728172324864e-02
5.035453086458792360e-02
4.999833723598508251e-02
5.025008310883220808e-02
5.039470307834011120e-02
4.945199512895518540e-02
4.932612219253165731e-02
4.765495810044021591e-02
4.341545047579158101e-02
3.553901843277725708e-02
2.512638062820761117e-02
1.584392110386651301e-02
9.352091361511495962e-03
6.165095737170532726e-03
4.933147848769811085e-03
4.285036133567694978e-03
4.215404296397217386e-03
4.038646555887548568e-03
4.231473181898095896e-03
4.084175064806705793e-03
4.078818769639745712e-03
4.086853212390185834e-03
4.076140622056267405e-03
3.979727309050994609e-03
3.904739176713557802e-03
3.583361466695981958e-03
3.454810382688950406e-03
3.339650036599318191e-03
3.419994464103712911e-03
3.478913710940269473e-03
3.623533680448177367e-03
4.424299807908643224e-03
5.699098057645042917e-03
9.057495127328720960e-03
1.622153991313716320e-02
2.707071577381396990e-02
3.685934519143283655e-02
4.400464294415716571e-02
4.772458993761070217e-02
4.930201886428032393e-02
4.982425764305892235e-02
5.030096791291831237e-02
4.994209613673201292e-02
4.984568282372674186e-02
5.019116386199562463e-02
4.997423390773379076e-02
4.988317688989545723e-02
4.986175170922761690e-02
