1.028212996603463790e-04
1.128965218585436674e-04
1.331260392872326865e-04
1.856568904082453984e-04
3.334641560248328149e-04
7.111037794248878429e-04
1.669350321286391155e-03
4.006037498622634120e-03
8.841867398144274276e-03
1.695256623491891990e-02
2.749344293087940816e-02
3.809036922789799801e-02
4.615007254826201250e-02
5.157662412495944704e-02
5.503935740810559502e-02
5.714362258585072019e-02
5.871417774270441814e-02
5.959615175549844851e-02
5.968931955579954984e-02
5.933675926247557186e-02
5.899549982335037385e-02
5.863738464950770529e-02
5.785750051082529793e-02
5.738363559654211660e-02
5.761790263355344444e-02
5.804119375426487759e-02
5.840635960682048072e-02
5.883303768908184489e-02
5.889735042201475756e-02
5.900426375109637384e-02
5.885695728135097171e-02
5.894688308732794896e-02
5.909912503217238516e-02
5.854824957385366263e-02
5.783853616191334673e-02
5.669477110745008153e-02
5.339705665328331463e-02
4.735391992843039632e-02
3.778459381201498130e-02
2.617161858652755635e-02
1.556733190808620368e-02
8.062306141010380442e-03
3.809461940338382778e-03
1.760923482102837861e-03
8.384706661933338020e-04
4.435931217530672023e-04
2.442368284997911221e-04
1.688077451101483708e-04
1.325922963192444309e-04
1.138783453428676750e-04
