5.570546973638065141e-02
5.549925237245272036e-02
5.533052907469349080e-02
5.567601011296235969e-02
5.427801707438591194e-02
5.493951952750542045e-02
5.284788626480766555e-02
4.982425764305890847e-02
4.467685798761061172e-02
3.587378688071225091e-02
2.656454588053629856e-02
1.948352366981561876e-02
1.394243631959584361e-02
1.074204995733750098e-02
8.888771829569498337e-03
8.058546078690756800e-03
7.581835808831349430e-03
7.137263309973704284e-03
6.850701518541363333e-03
7.158688490641542009e-03
7.193504409226778203e-03
7.348836969068612765e-03
7.675570974253145655e-03
7.796087615509738819e-03
7.806800205843658982e-03
7.715743188005339329e-03
7.372940297319924459e-03
7.437215839323435898e-03
7.557732480580026460e-03
7.402399920738206643e-03
7.739846516256661431e-03
7.463997315158242378e-03
7.348836969068609296e-03
7.603260989499187154e-03
7.552376185413071583e-03
8.784324073813781081e-03
1.008858194696843347e-02
1.361570231441131852e-02
1.910322671296147551e-02
2.763312676634475246e-02
3.692629888101983671e-02
4.528479748906052288e-02
5.071875893594116752e-02
5.262292186779534559e-02
5.452172850448255836e-02
5.490470360892017038e-02
5.574296380254938066e-02
5.558495309512406779e-02
5.553139014345447044e-02
5.527428797544039346e-02
