2.122005436388453570e-02
2.122902495838430506e-02
2.127787323767707864e-02
2.121311911435531244e-02
2.117874439929746597e-02
2.127591327585359737e-02
2.115854171588624558e-02
2.111105033324049696e-02
2.087072886042360548e-02
2.020275879435378535e-02
1.839484477849190683e-02
1.515540480002257849e-02
1.078695142808455340e-02
6.638993761287584339e-03
3.886755062245797043e-03
2.468195000931928430e-03
1.888121684330258459e-03
1.679536516424241614e-03
1.599253464808807245e-03
1.555908155251177960e-03
1.586815245544442952e-03
1.581312275809300828e-03
1.610033254837920594e-03
1.614857776249554793e-03
1.562315722751002594e-03
1.557038902457030284e-03
1.543922234869155030e-03
1.530504034693055309e-03
1.529373287487204502e-03
1.540605376398659215e-03
1.555682005810008362e-03
1.556812753015859602e-03
1.596690437808876177e-03
1.826081354302556276e-03
2.408566931610041720e-03
3.816422586041851635e-03
6.648492037816726950e-03
1.087741120455264394e-02
1.532712760901782170e-02
1.859287630580997233e-02
2.019989423476562657e-02
2.091987867230459680e-02
2.113705751897507895e-02
2.119894708270865513e-02
2.120527926706141861e-02
2.120776691091430174e-02
2.127056107241256239e-02
2.126958109150082002e-02
2.126136432847165053e-02
2.116163242491557114e-02
