8.630101328691663996e-04
9.141006007505912473e-04
9.630971969975312416e-04
1.082029105836256836e-03
1.264195938036418148e-03
1.552312674941501479e-03
2.103168424541711993e-03
3.036700154060329414e-03
4.758113902202751322e-03
7.548239732586036962e-03
1.211614633551213842e-02
1.861552388895231988e-02
2.704503231506049168e-02
3.666612121092086007e-02
4.620504658384404911e-02
5.459443642943547642e-02
6.083986923104546529e-02
6.522979674504049419e-02
6.761513531104529351e-02
6.932666598507288003e-02
7.018800102063450785e-02
7.042678614183109365e-02
7.088760541114846880e-02
7.104682341023463299e-02
7.128544102170050745e-02
7.168729686579081162e-02
7.182808879449351092e-02
7.219552138891287274e-02
7.196720562588872216e-02
7.144725542161353693e-02
7.003472961699032384e-02
6.780299747409125610e-02
6.418905878783620622e-02
5.909609293384657930e-02
5.250399874443130444e-02
4.439778409868767872e-02
3.548283247284093889e-02
2.670121859267810677e-02
1.894367545150876103e-02
1.297982650730432862e-02
8.569546561022226006e-03
5.588543392439334137e-03
3.830612522991502702e-03
2.659049466064689147e-03
1.945709277628465683e-03
1.504321137079108351e-03
1.218130762077753327e-03
1.020720544378545197e-03
9.082377601740329858e-04
8.402288094859740666e-04
