6.342085916257662534e-03
6.195933676170643604e-03
6.151543597519557906e-03
6.214275991688729406e-03
6.485558000652554174e-03
7.087587972999529265e-03
8.164759296643753564e-03
9.807778490791041123e-03
1.214747065516406065e-02
1.536993910063583560e-02
1.950474929468528490e-02
2.439871358853347091e-02
2.989529413878622838e-02
3.541214336646072297e-02
4.060519628457853747e-02
4.531062837645770391e-02
4.904458778480139114e-02
5.205766906682476186e-02
5.421176044951712264e-02
5.566490736384947097e-02
5.681745806633516083e-02
5.743925418691168960e-02
5.819623066021062385e-02
5.856517084220676933e-02
5.867823991046892951e-02
5.883042250086321923e-02
5.868653164214140266e-02
5.845737833046334847e-02
5.857153621197538212e-02
5.867438718666134756e-02
5.838216646135272608e-02
5.805116723337340467e-02
5.693982392465436748e-02
5.524906445724063475e-02
5.268918075178520566e-02
4.950540705411874548e-02
4.530376047749656854e-02
4.032612507313453748e-02
3.492904530295252302e-02
2.944561426656430031e-02
2.434670181713281117e-02
1.970224326724985542e-02
1.595764699100301123e-02
1.297647631268926752e-02
1.079240068819112795e-02
9.186819918868393414e-03
8.095577777840399364e-03
7.329723288811350497e-03
6.840176100668849020e-03
6.477768798172257522e-03
