3.066935660462244591e-03
3.278165430949053771e-03
3.652214659733382489e-03
4.219653872678718644e-03
5.122280056872339192e-03
6.413361306695529451e-03
8.133016202664971467e-03
1.055428560591748811e-02
1.379811154206096735e-02
1.798484975264556460e-02
2.313049741695876946e-02
2.923798595528885255e-02
3.586609473681704602e-02
4.272838212194595559e-02
4.900245908751547225e-02
5.379993777644662828e-02
5.750500175623447785e-02
6.006756561738206546e-02
6.172951341110523293e-02
6.279646664117319310e-02
6.337898172988669365e-02
6.371743514088479277e-02
6.386107473501054232e-02
6.353183435920414790e-02
6.295040808374043062e-02
6.271204173687064398e-02
6.209811857363991411e-02
6.192147956255476121e-02
6.144901836694969394e-02
6.076281475489635209e-02
5.987141172266360195e-02
5.843962229900305505e-02
5.670137382291930150e-02
5.369541170445322337e-02
4.994955910522552722e-02
4.486237233694713444e-02
3.842430334496476502e-02
3.164819971631131768e-02
2.495442712032569163e-02
1.891779519810651497e-02
1.405063246117977879e-02
1.029724192406812448e-02
7.693303159423188486e-03
5.943077737590243825e-03
4.774194836355584448e-03
4.056666904650410577e-03
3.561508140527503384e-03
3.218783231395064368e-03
3.041641691117665143e-03
2.944569802142962909e-03
