1.597920339947987711e-02
1.594500000633056538e-02
1.578585529275157787e-02
1.578104985735043903e-02
1.551392418358108448e-02
1.539915907929497244e-02
1.507069343599339896e-02
1.465346857410600168e-02
1.407003218187323143e-02
1.338992173627633411e-02
1.246953952062232474e-02
1.176483655267839684e-02
1.064121268682317357e-02
9.572427319075120164e-03
8.875073840568270186e-03
8.252911292455755721e-03
7.766431626257808488e-03
7.542272198428065684e-03
7.306240518430787319e-03
7.125895354552621783e-03
7.140028988085395274e-03
7.068230129738915790e-03
7.090843943391350601e-03
7.054379168876802678e-03
7.072752892469398589e-03
7.216350609162350618e-03
7.217481299844963512e-03
7.201086284946943417e-03
7.292954902909943790e-03
7.487999045662175820e-03
7.619159164846289745e-03
7.759082136820723632e-03
8.015748921775839309e-03
8.272415706730954985e-03
8.816277925071978189e-03
9.462750322860860250e-03
1.027571692366576958e-02
1.130521079019271291e-02
1.228325823066040746e-02
1.314060444075824605e-02
1.407483761727436333e-02
1.462576665238177198e-02
1.514786307508229554e-02
1.526347619738036530e-02
1.563886550401074813e-02
1.572819006793785973e-02
1.579292210951795117e-02
1.580111961696696252e-02
1.582458144863136892e-02
1.589157487157669135e-02
