1.227159536565639898e-02
1.264078681224872422e-02
1.318971619994518951e-02
1.397114909393483949e-02
1.511624561340175685e-02
1.647935604745119284e-02
1.823418798688002107e-02
2.057873793344508484e-02
2.343050734474774049e-02
2.679234388621081278e-02
3.052136175749708275e-02
3.448966727917224945e-02
3.823283972270759279e-02
4.174300613075750122e-02
4.499755268966953992e-02
4.751622900135828859e-02
4.959200958492099298e-02
5.097337857962312008e-02
5.217107315454836552e-02
5.274914923539686384e-02
5.295384612638415200e-02
5.275065682297365444e-02
5.257678172244607817e-02
5.212768813428183406e-02
5.183379231166558576e-02
5.172759114236454014e-02
5.140697751769226359e-02
5.057679929205181890e-02
4.977727534714018048e-02
4.884123097166023081e-02
4.759386976156511351e-02
4.603401914873941209e-02
4.444250919680046985e-02
4.266531470831532585e-02
4.069121253132323979e-02
3.854851181032246249e-02
3.602162752182646449e-02
3.316734546456255595e-02
3.020769978665129724e-02
2.703808066123395901e-02
2.399283751090492550e-02
2.109274154227832460e-02
1.863445248852803673e-02
1.661512268423108452e-02
1.490124687397281766e-02
1.381586757352140302e-02
1.303652855116626576e-02
1.247687854070126182e-02
1.217745489696997821e-02
1.209922785270563586e-02
