3.582530611737724281e-03
3.699117384345822993e-03
3.961018848387154109e-03
4.507854364449140512e-03
5.221110798019959302e-03
6.349958873603275822e-03
8.026061239575445552e-03
1.031474669093240988e-02
1.339215170956704372e-02
1.736196481881906173e-02
2.224839117478309009e-02
2.784531005376048723e-02
3.365831648541652704e-02
3.957383887229688757e-02
4.476153147903043361e-02
4.940079722725983224e-02
5.321759019746379049e-02
5.612262770314775662e-02
5.825025254838030186e-02
5.968631347017518129e-02
6.080653479462443112e-02
6.151208578058035142e-02
6.197608773478215788e-02
6.234268278054765078e-02
6.267778599693064889e-02
6.271354932444761499e-02
6.248179961194282039e-02
6.182298384086859500e-02
6.087035600204351166e-02
5.952567163837747810e-02
5.810284398531247174e-02
5.674459133345503836e-02
5.522837700549197010e-02
5.345168504619914052e-02
5.093133363720268869e-02
4.738263999107816815e-02
4.254755536759180501e-02
3.684594290689041651e-02
3.069021156610197282e-02
2.449846563320029133e-02
1.896863440139181026e-02
1.447736350028775397e-02
1.099366362969773220e-02
8.503296462507201406e-03
6.706084561196418506e-03
5.468690180081428077e-03
4.668579951112189833e-03
4.063953577938412762e-03
3.753641801707797206e-03
3.577505319814956557e-03
