1.464979382938747833e-02
1.465375124677666119e-02
1.446322986675489287e-02
1.425687881717645211e-02
1.413193749674675551e-02
1.392389041114438543e-02
1.372460617833230756e-02
1.317141576185967833e-02
1.268945885839220522e-02
1.228184486730711684e-02
1.152908754535177452e-02
1.098183325496292218e-02
1.043118689252620773e-02
9.938488427573855324e-03
9.473209211675080038e-03
9.212867682001467037e-03
8.917757413837237163e-03
8.676354953097521749e-03
8.562437866823400384e-03
8.548586905961285537e-03
8.477353392956120740e-03
8.470286576189733560e-03
8.520319638895747227e-03
8.558763122104882243e-03
8.661373301552805284e-03
8.599185314008623432e-03
8.676920298438859855e-03
8.797056183467421089e-03
8.914930687130711434e-03
9.099798613739346759e-03
9.148983658433373217e-03
9.424024166981070927e-03
9.697933984846154876e-03
9.898631581011483466e-03
1.012024695480530714e-02
1.044164578134049344e-02
1.083286475752755565e-02
1.113871658717669431e-02
1.165911697385327815e-02
1.223746525801422576e-02
1.265525546524290390e-02
1.309085405072290230e-02
1.330568528042100872e-02
1.396657398441334373e-02
1.412458800730972443e-02
1.433206974757079630e-02
1.448245160835948120e-02
1.462491863436980212e-02
1.465968737286042420e-02
1.465035917472880256e-02
