1.599192366965936432e-02
1.603771664230553562e-02
1.602810577150324406e-02
1.582090670391284037e-02
1.585624078774477280e-02
1.580620772503876087e-02
1.580027159895499786e-02
1.566713277107629684e-02
1.547378466434798372e-02
1.511903046267543994e-02
1.461869983561536399e-02
1.354002092439432481e-02
1.249639342433457243e-02
1.105108805927350682e-02
9.396039572586171312e-03
8.211358409869412914e-03
7.188648687438127863e-03
6.567616830008156034e-03
6.270527853149294832e-03
6.198163649461506733e-03
6.148130586755490463e-03
6.069264911642629004e-03
5.974569566973059534e-03
6.022906593655136080e-03
5.870546024171857148e-03
5.861217826040232906e-03
5.767370499382631563e-03
5.756628937897726242e-03
5.701225094449259914e-03
5.750692811813959762e-03
5.885810348387256544e-03
6.101772268768007081e-03
6.418931005243396111e-03
7.089147907367421286e-03
8.056453786350250418e-03
9.362966870119487223e-03
1.097900652825637216e-02
1.246416873987985993e-02
1.383145644784004348e-02
1.469219472998578579e-02
1.534856067124764321e-02
1.556423991895771256e-02
1.585511009706215210e-02
1.594895742371973263e-02
1.591503670324107694e-02
1.592238619267812710e-02
1.593030102745648241e-02
1.596280838458186829e-02
1.606117847396993509e-02
1.603375922491635450e-02
