1.542516496499525200e-02
1.559533391272981129e-02
1.549357175129386678e-02
1.547972079043172244e-02
1.537626259297186770e-02
1.519535208375239442e-02
1.510546217448398634e-02
1.474675055542224930e-02
1.447792884562897411e-02
1.383032575715743492e-02
1.319205086681753646e-02
1.235703579770146623e-02
1.161699874592562673e-02
1.077633022339648250e-02
1.012816178958367633e-02
9.478014647076253574e-03
9.018106211919906662e-03
8.600316004691225050e-03
8.285983994922413789e-03
8.105073485702940506e-03
8.057584477032832954e-03
7.982110873967846604e-03
7.813072616915902810e-03
7.855190844843561171e-03
7.657602648055426495e-03
7.678803098354593237e-03
7.725161416342091365e-03
7.712441146162605891e-03
7.671736281588232079e-03
7.760495500174035936e-03
7.781413277802537096e-03
7.668061536869726080e-03
7.863388352292605479e-03
8.091787870182189785e-03
8.479049428980079545e-03
8.840305102077668925e-03
9.338091675101811012e-03
1.007360596414714343e-02
1.074834562900157768e-02
1.159523295028514964e-02
1.244890441566445273e-02
1.328900759285231437e-02
1.384248068199560311e-02
1.424246251097301477e-02
1.465262055609400926e-02
1.495168824164743414e-02
1.511535571795693741e-02
1.537400121160659681e-02
1.539463631656446882e-02
1.549809451402434091e-02
