0.000000000000000000e+00
0.000000000000000000e+00
0.000000000000000000e+00
0.000000000000000000e+00
0.000000000000000000e+00
0.000000000000000000e+00
0.000000000000000000e+00
0.000000000000000000e+00
6.816640715047405852e-09
3.181099000355455678e-07
3.524203249679509205e-06
2.291072944327433709e-05
1.757148199253487180e-04
1.370083433958095825e-03
7.839561726242423936e-03
2.797128989944694041e-02
5.922768028663880774e-02
8.259936006391892238e-02
9.190535844062663884e-02
9.407761052065012619e-02
9.458149205787924618e-02
9.455567289506416895e-02
9.437082150436712502e-02
9.421042140391493180e-02
9.433060786857548619e-02
9.471538224259067051e-02
9.480145596489954196e-02
9.486940423954712265e-02
9.477986766375498529e-02
9.481668661247051599e-02
9.443220308179256506e-02
9.169207256929355621e-02
8.114293024202337556e-02
5.774811024172920443e-02
2.832244232924189392e-02
8.741089727370303375e-03
1.775600845669121977e-03
2.650605297774751034e-04
3.577827489971214023e-05
4.905709101262449957e-06
7.589193329419443466e-07
3.862763071860196181e-08
6.816640715047405852e-09
0.000000000000000000e+00
0.000000000000000000e+00
0.000000000000000000e+00
0.000000000000000000e+00
0.000000000000000000e+00
0.000000000000000000e+00
0.000000000000000000e+00
