# Chunk-averaged data for fix densityRegions3 and group polymer
# Timestep Number-of-chunks Total-count
# Chunk Coord1 Ncount density/number
49500000 50 25400.000000000007
  1 0.01 0 0
  2 0.03 0 0
  3 0.05 0.000265306 2.12245e-07
  4 0.07 0.0101633 8.13061e-06
  5 0.09 0.0713878 5.71102e-05
  6 0.11 0.274122 0.000219298
  7 0.13 1.21341 0.000970727
  8 0.15 5.02569 0.00402056
  9 0.17 16.8683 0.0134947
  10 0.19 56.0667 0.0448533
  11 0.21 158.91 0.127128
  12 0.23 343.674 0.274939
  13 0.25 565.835 0.452668
  14 0.27 748.909 0.599127
  15 0.29 866.287 0.69303
  16 0.31 941.783 0.753426
  17 0.33 981.192 0.784954
  18 0.35 1000.76 0.800604
  19 0.37 1023.1 0.818482
  20 0.39 1036.88 0.829506
  21 0.41 1017.73 0.814183
  22 0.43 984.164 0.787332
  23 0.45 964.771 0.771817
  24 0.47 976.394 0.781116
  25 0.49 1006.18 0.804942
  26 0.51 1016.84 0.813475
  27 0.53 994.759 0.795807
  28 0.55 964.326 0.771461
  29 0.57 958.361 0.766689
  30 0.59 993.292 0.794633
  31 0.61 1026.55 0.821242
  32 0.63 1040.52 0.832418
  33 0.65 1016.04 0.812833
  34 0.67 981.681 0.785345
  35 0.69 961.383 0.769106
  36 0.71 899.125 0.7193
  37 0.73 746.817 0.597453
  38 0.75 543.745 0.434996
  39 0.77 332.79 0.266232
  40 0.79 157.158 0.125726
  41 0.81 53.7026 0.0429621
  42 0.83 13.3003 0.0106402
  43 0.85 2.8609 0.00228872
  44 0.87 0.572571 0.000458057
  45 0.89 0.0669592 5.35673e-05
  46 0.91 0.00114286 9.14286e-07
  47 0.93 0 0
  48 0.95 0 0
  49 0.97 0 0
  50 0.99 0 0
99000000 50 25400.000000000007
  1 0.01 0 0
  2 0.03 0 0
  3 0.05 8.16327e-05 6.53061e-08
  4 0.07 0.00230612 1.8449e-06
  5 0.09 0.0433878 3.47102e-05
  6 0.11 0.297286 0.000237829
  7 0.13 1.50537 0.00120429
  8 0.15 4.85976 0.0038878
  9 0.17 11.8381 0.00947047
  10 0.19 28.7376 0.02299
  11 0.21 73.6404 0.0589123
  12 0.23 177.623 0.142098
  13 0.25 363.91 0.291128
  14 0.27 596.564 0.477251
  15 0.29 794.391 0.635513
  16 0.31 912.242 0.729794
  17 0.33 969.909 0.775927
  18 0.35 1010.37 0.808299
  19 0.37 1065.49 0.852396
  20 0.39 1099.58 0.879665
  21 0.41 1098.61 0.878884
  22 0.43 1094.33 0.875463
  23 0.45 1108.27 0.886613
  24 0.47 1129.39 0.903514
  25 0.49 1138.75 0.910997
  26 0.51 1127.57 0.902055
  27 0.53 1092.26 0.873804
  28 0.55 1048.55 0.83884
  29 0.57 1019.99 0.815992
  30 0.59 1031.79 0.82543
  31 0.61 1074.37 0.859494
  32 0.63 1092.59 0.874075
  33 0.65 1077.91 0.86233
  34 0.67 1058.03 0.846421
  35 0.69 989.439 0.791551
  36 0.71 837.335 0.669868
  37 0.73 619.55 0.49564
  38 0.75 378.931 0.303145
  39 0.77 180.652 0.144522
  40 0.79 64.8122 0.0518498
  41 0.81 18.9914 0.0151931
  42 0.83 5.04639 0.00403711
  43 0.85 1.34339 0.00107471
  44 0.87 0.384265 0.000307412
  45 0.89 0.0890612 7.1249e-05
  46 0.91 0.0207959 1.66367e-05
  47 0.93 0.00197959 1.58367e-06
  48 0.95 0.000530612 4.2449e-07
  49 0.97 0 0
  50 0.99 0 0
148500000 50 25399.999999999993
  1 0.01 0 0
  2 0.03 0 0
  3 0.05 0 0
  4 0.07 0 0
  5 0.09 0 0
  6 0.11 0 0
  7 0.13 0.000612245 4.89796e-07
  8 0.15 0.0390612 3.1249e-05
  9 0.17 0.552388 0.00044191
  10 0.19 4.29853 0.00343882
  11 0.21 24.6835 0.0197468
  12 0.23 106.215 0.0849722
  13 0.25 303.34 0.242672
  14 0.27 574.404 0.459523
  15 0.29 817.769 0.654215
  16 0.31 981.724 0.785379
  17 0.33 1106.38 0.885104
  18 0.35 1152.45 0.921962
  19 0.37 1161.3 0.929043
  20 0.39 1129.19 0.903351
  21 0.41 1081.3 0.865036
  22 0.43 1030.6 0.824481
  23 0.45 1017.45 0.813962
  24 0.47 1059.09 0.847269
  25 0.49 1119.53 0.895626
  26 0.51 1124.55 0.899641
  27 0.53 1083.3 0.866638
  28 0.55 1051.22 0.840975
  29 0.57 1050.2 0.840161
  30 0.59 1066.12 0.852896
  31 0.61 1075.39 0.860315
  32 0.63 1064.88 0.851901
  33 0.65 1051.66 0.84133
  34 0.67 1038.99 0.831193
  35 0.69 995.176 0.796141
  36 0.71 894.159 0.715327
  37 0.73 673.815 0.539052
  38 0.75 373.632 0.298906
  39 0.77 140.949 0.112759
  40 0.79 36.8632 0.0294905
  41 0.81 7.34322 0.00587458
  42 0.83 1.26639 0.00101311
  43 0.85 0.144551 0.000115641
  44 0.87 0.0185918 1.48735e-05
  45 0.89 0.0035102 2.80816e-06
  46 0.91 0.000632653 5.06122e-07
  47 0.93 0 0
  48 0.95 0 0
  49 0.97 0 0
  50 0.99 0 0
198000000 50 25399.999999999996
  1 0.01 0 0
  2 0.03 0 0
  3 0.05 0 0
  4 0.07 0 0
  5 0.09 0.0155102 1.24082e-05
  6 0.11 0.197082 0.000157665
  7 0.13 0.789755 0.000631804
  8 0.15 1.99153 0.00159322
  9 0.17 5.0908 0.00407264
  10 0.19 15.0955 0.0120764
  11 0.21 44.0268 0.0352214
  12 0.23 110.107 0.0880855
  13 0.25 260.008 0.208007
  14 0.27 510.508 0.408407
  15 0.29 758.59 0.606872
  16 0.31 943.894 0.755115
  17 0.33 1072.11 0.857686
  18 0.35 1136.67 0.909336
  19 0.37 1146.88 0.917502
  20 0.39 1139.89 0.911915
  21 0.41 1144.35 0.915482
  22 0.43 1113.73 0.890983
  23 0.45 1095.49 0.876395
  24 0.47 1115.41 0.89233
  25 0.49 1121.64 0.897312
  26 0.51 1100.59 0.880473
  27 0.53 1095.45 0.876357
  28 0.55 1096.42 0.877135
  29 0.57 1061.61 0.849291
  30 0.59 1029.38 0.823504
  31 0.61 1038.66 0.83093
  32 0.63 1064.23 0.851382
  33 0.65 1087.17 0.869738
  34 0.67 1083.71 0.866971
  35 0.69 1016.43 0.813143
  36 0.71 862.907 0.690326
  37 0.73 612.893 0.490314
  38 0.75 332.387 0.26591
  39 0.77 133.655 0.106924
  40 0.79 38.8652 0.0310922
  41 0.81 7.85333 0.00628266
  42 0.83 1.15076 0.000920604
  43 0.85 0.128224 0.00010258
  44 0.87 0.0113265 9.06122e-06
  45 0.89 0.00138776 1.1102e-06
  46 0.91 2.04082e-05 1.63265e-08
  47 0.93 0 0
  48 0.95 0 0
  49 0.97 0 0
  50 0.99 0 0
247500000 50 25400.000000000004
  1 0.01 0 0
  2 0.03 0 0
  3 0.05 0 0
  4 0.07 0 0
  5 0.09 0.00136735 1.09388e-06
  6 0.11 0.0350816 2.80653e-05
  7 0.13 0.324939 0.000259951
  8 0.15 2.0352 0.00162816
  9 0.17 10.3763 0.00830106
  10 0.19 35.2884 0.0282307
  11 0.21 94.5758 0.0756606
  12 0.23 204.732 0.163785
  13 0.25 350.231 0.280185
  14 0.27 514.673 0.411739
  15 0.29 704.433 0.563547
  16 0.31 888.733 0.710986
  17 0.33 1019.03 0.81522
  18 0.35 1069.69 0.855752
  19 0.37 1074.04 0.85923
  20 0.39 1032.23 0.82578
  21 0.41 1026.41 0.821125
  22 0.43 1072 0.857598
  23 0.45 1109.31 0.887446
  24 0.47 1109.85 0.887884
  25 0.49 1122.87 0.898294
  26 0.51 1122.01 0.897606
  27 0.53 1091.95 0.873562
  28 0.55 1107.47 0.885972
  29 0.57 1132.67 0.906138
  30 0.59 1123.89 0.899109
  31 0.61 1083.38 0.866703
  32 0.63 1035.04 0.828032
  33 0.65 1011.79 0.809431
  34 0.67 1034.93 0.827947
  35 0.69 1018.24 0.814596
  36 0.71 907.506 0.726005
  37 0.73 688.322 0.550658
  38 0.75 399.49 0.319592
  39 0.77 155.367 0.124294
  40 0.79 39.4645 0.0315716
  41 0.81 6.67545 0.00534036
  42 0.83 0.843429 0.000674743
  43 0.85 0.104592 8.36735e-05
  44 0.87 0.00846939 6.77551e-06
  45 0.89 0.000857143 6.85714e-07
  46 0.91 0 0
  47 0.93 0 0
  48 0.95 0 0
  49 0.97 0 0
  50 0.99 0 0
