# Chunk-averaged data for fix densityRegions3 and group polymer
# Timestep Number-of-chunks Total-count
# Chunk Coord1 Ncount density/number
49500000 50 25400.000000000007
  1 0.01 0 0
  2 0.03 0 0
  3 0.05 0 0
  4 0.07 0.000306122 2.44898e-07
  5 0.09 0.0407143 3.25714e-05
  6 0.11 0.302898 0.000242318
  7 0.13 1.12427 0.000899412
  8 0.15 4.44392 0.00355513
  9 0.17 15.445 0.012356
  10 0.19 41.2157 0.0329726
  11 0.21 91.8034 0.0734427
  12 0.23 184.705 0.147764
  13 0.25 350.8 0.28064
  14 0.27 596.836 0.477469
  15 0.29 851.293 0.681035
  16 0.31 1014.72 0.811777
  17 0.33 1079.77 0.863813
  18 0.35 1107.52 0.886015
  19 0.37 1093.45 0.874761
  20 0.39 1059.36 0.84749
  21 0.41 1030.62 0.824494
  22 0.43 1017.67 0.81414
  23 0.45 1016.13 0.812905
  24 0.47 1024.87 0.819897
  25 0.49 1058.17 0.846532
  26 0.51 1082.09 0.865675
  27 0.53 1089.24 0.871395
  28 0.55 1092.61 0.874088
  29 0.57 1098.64 0.878915
  30 0.59 1110.06 0.888051
  31 0.61 1100.05 0.880037
  32 0.63 1069.36 0.85549
  33 0.65 1032.96 0.826367
  34 0.67 971.219 0.776975
  35 0.69 921.07 0.736856
  36 0.71 849.617 0.679693
  37 0.73 674.627 0.539701
  38 0.75 406.657 0.325326
  39 0.77 178.465 0.142772
  40 0.79 59.864 0.0478912
  41 0.81 17.1556 0.0137245
  42 0.83 4.70504 0.00376403
  43 0.85 1.0698 0.000855837
  44 0.87 0.212469 0.000169976
  45 0.89 0.0238163 1.90531e-05
  46 0.91 0.000959184 7.67347e-07
  47 0.93 0 0
  48 0.95 0 0
  49 0.97 0 0
  50 0.99 0 0
99000000 50 25400
  1 0.01 0 0
  2 0.03 0 0
  3 0.05 0.000795918 6.36735e-07
  4 0.07 0.0294286 2.35429e-05
  5 0.09 0.213694 0.000170955
  6 0.11 0.853204 0.000682563
  7 0.13 2.56084 0.00204867
  8 0.15 6.92053 0.00553642
  9 0.17 16.4167 0.0131334
  10 0.19 39.3517 0.0314813
  11 0.21 95.4698 0.0763758
  12 0.23 196.556 0.157245
  13 0.25 359.904 0.287923
  14 0.27 586.611 0.469289
  15 0.29 812.655 0.650124
  16 0.31 984.698 0.787758
  17 0.33 1083.16 0.866531
  18 0.35 1102.26 0.881807
  19 0.37 1081.53 0.865221
  20 0.39 1059.99 0.847995
  21 0.41 1050.88 0.840702
  22 0.43 1029.76 0.823808
  23 0.45 1007.52 0.806015
  24 0.47 1013.65 0.81092
  25 0.49 1053.5 0.842798
  26 0.51 1097.01 0.877611
  27 0.53 1122.04 0.897634
  28 0.55 1121.68 0.897346
  29 0.57 1095 0.876003
  30 0.59 1040.16 0.832128
  31 0.61 1030.45 0.824359
  32 0.63 1057.81 0.846252
  33 0.65 1076.61 0.861288
  34 0.67 1047.35 0.837878
  35 0.69 982.394 0.785915
  36 0.71 873.094 0.698475
  37 0.73 659.926 0.527941
  38 0.75 390.286 0.312229
  39 0.77 163.676 0.130941
  40 0.79 46.1869 0.0369496
  41 0.81 10.1223 0.00809788
  42 0.83 1.51959 0.00121567
  43 0.85 0.171265 0.000137012
  44 0.87 0.0145306 1.16245e-05
  45 0.89 0.000693878 5.55102e-07
  46 0.91 0 0
  47 0.93 0 0
  48 0.95 0 0
  49 0.97 0 0
  50 0.99 0 0
148500000 50 25399.999999999993
  1 0.01 0 0
  2 0.03 0 0
  3 0.05 0 0
  4 0.07 0 0
  5 0.09 0.00195918 1.56735e-06
  6 0.11 0.0312449 2.49959e-05
  7 0.13 0.365327 0.000292261
  8 0.15 2.80229 0.00224183
  9 0.17 13.8224 0.0110579
  10 0.19 45.2041 0.0361632
  11 0.21 113.179 0.0905433
  12 0.23 242.077 0.193662
  13 0.25 422.641 0.338113
  14 0.27 612.994 0.490395
  15 0.29 772.699 0.618159
  16 0.31 882.924 0.706339
  17 0.33 974.597 0.779677
  18 0.35 1015.35 0.812282
  19 0.37 1037 0.829599
  20 0.39 1072.37 0.857899
  21 0.41 1074.92 0.859937
  22 0.43 1073.32 0.858652
  23 0.45 1091.02 0.872812
  24 0.47 1088.01 0.870405
  25 0.49 1096.59 0.877274
  26 0.51 1090.29 0.872234
  27 0.53 1095.84 0.876671
  28 0.55 1126.49 0.901191
  29 0.57 1114.06 0.891252
  30 0.59 1065.22 0.852175
  31 0.61 1016.37 0.813099
  32 0.63 1024.06 0.819251
  33 0.65 1034.39 0.827509
  34 0.67 1032.78 0.826222
  35 0.69 977.313 0.78185
  36 0.71 869.246 0.695397
  37 0.73 649.122 0.519298
  38 0.75 384.785 0.307828
  39 0.77 181.356 0.145085
  40 0.79 72.1496 0.0577197
  41 0.81 25.2848 0.0202279
  42 0.83 7.32833 0.00586266
  43 0.85 1.71451 0.00137161
  44 0.87 0.263816 0.000211053
  45 0.89 0.019898 1.59184e-05
  46 0.91 0.000591837 4.73469e-07
  47 0.93 0 0
  48 0.95 0 0
  49 0.97 0 0
  50 0.99 0 0
198000000 50 25400
  1 0.01 0 0
  2 0.03 0 0
  3 0.05 0 0
  4 0.07 0.00183673 1.46939e-06
  5 0.09 0.0214898 1.71918e-05
  6 0.11 0.170245 0.000136196
  7 0.13 0.802796 0.000642237
  8 0.15 2.68243 0.00214594
  9 0.17 8.85314 0.00708251
  10 0.19 27.0731 0.0216585
  11 0.21 76.7675 0.061414
  12 0.23 196.07 0.156856
  13 0.25 406.113 0.32489
  14 0.27 669.707 0.535766
  15 0.29 895.289 0.716231
  16 0.31 1007.19 0.805754
  17 0.33 1032.47 0.825973
  18 0.35 1028.56 0.822846
  19 0.37 1028.98 0.823186
  20 0.39 1025.78 0.820623
  21 0.41 1019.51 0.815605
  22 0.43 1026.55 0.821244
  23 0.45 1030.03 0.82402
  24 0.47 1013.04 0.810434
  25 0.49 988.775 0.79102
  26 0.51 981.765 0.785412
  27 0.53 1026.4 0.821118
  28 0.55 1061.48 0.849187
  29 0.57 1044.63 0.835706
  30 0.59 1050.85 0.840681
  31 0.61 1085.29 0.868234
  32 0.63 1104.99 0.883989
  33 0.65 1075.47 0.86038
  34 0.67 1061.88 0.849505
  35 0.69 1034.5 0.827603
  36 0.71 927.127 0.741701
  37 0.73 716.791 0.573432
  38 0.75 443.844 0.355076
  39 0.77 202.901 0.162321
  40 0.79 70.2621 0.0562097
  41 0.81 20.4952 0.0163961
  42 0.83 5.46961 0.00437569
  43 0.85 1.20851 0.000966808
  44 0.87 0.170878 0.000136702
  45 0.89 0.0212245 1.69796e-05
  46 0.91 0.00595918 4.76735e-06
  47 0.93 0.00022449 1.79592e-07
  48 0.95 0 0
  49 0.97 0 0
  50 0.99 0 0
247500000 50 25400
  1 0.01 0 0
  2 0.03 0 0
  3 0.05 0 0
  4 0.07 0.00338776 2.7102e-06
  5 0.09 0.0176939 1.41551e-05
  6 0.11 0.0332449 2.65959e-05
  7 0.13 0.11702 9.36163e-05
  8 0.15 0.669837 0.000535869
  9 0.17 3.42461 0.00273969
  10 0.19 14.3689 0.0114951
  11 0.21 50.5763 0.0404611
  12 0.23 148.901 0.119121
  13 0.25 353.923 0.283138
  14 0.27 631.664 0.505332
  15 0.29 868.301 0.694641
  16 0.31 996.57 0.797256
  17 0.33 1022.06 0.817645
  18 0.35 1013.09 0.810473
  19 0.37 1007.08 0.805665
  20 0.39 1036.15 0.828924
  21 0.41 1082.24 0.865794
  22 0.43 1108.05 0.886438
  23 0.45 1100.97 0.880778
  24 0.47 1099.13 0.879307
  25 0.49 1096.34 0.877075
  26 0.51 1062.83 0.850262
  27 0.53 1049.17 0.839338
  28 0.55 1069.9 0.855923
  29 0.57 1070.45 0.85636
  30 0.59 1057.44 0.845948
  31 0.61 1052.32 0.841854
  32 0.63 1090.74 0.872589
  33 0.65 1126.12 0.900893
  34 0.67 1091.76 0.873404
  35 0.69 969.639 0.775711
  36 0.71 789.72 0.631776
  37 0.73 585.794 0.468635
  38 0.75 375.943 0.300754
  39 0.77 206.754 0.165403
  40 0.79 102.624 0.0820988
  41 0.81 42.776 0.0342208
  42 0.83 15.4201 0.0123361
  43 0.85 5.02137 0.00401709
  44 0.87 1.49904 0.00119923
  45 0.89 0.350837 0.000280669
  46 0.91 0.0529592 4.23673e-05
  47 0.93 0.00281633 2.25306e-06
  48 0.95 0 0
  49 0.97 0 0
  50 0.99 0 0
