# Chunk-averaged data for fix densityRegions2 and group client_coms
# Timestep Number-of-chunks Total-count
# Chunk Coord1 Ncount density/number
49500000 50 50
  1 0.01 1.84765 0.00147812
  2 0.03 1.85557 0.00148446
  3 0.05 1.87939 0.00150351
  4 0.07 1.87516 0.00150013
  5 0.09 1.87576 0.0015006
  6 0.11 1.88992 0.00151193
  7 0.13 1.88516 0.00150813
  8 0.15 1.90641 0.00152513
  9 0.17 1.91771 0.00153417
  10 0.19 1.88318 0.00150655
  11 0.21 1.72255 0.00137804
  12 0.23 1.32916 0.00106333
  13 0.25 0.820061 0.000656049
  14 0.27 0.425571 0.000340457
  15 0.29 0.240204 0.000192163
  16 0.31 0.172959 0.000138367
  17 0.33 0.171857 0.000137486
  18 0.35 0.195653 0.000156522
  19 0.37 0.226469 0.000181176
  20 0.39 0.216041 0.000172833
  21 0.41 0.181796 0.000145437
  22 0.43 0.152388 0.00012191
  23 0.45 0.153878 0.000123102
  24 0.47 0.147816 0.000118253
  25 0.49 0.142347 0.000113878
  26 0.51 0.160531 0.000128424
  27 0.53 0.175592 0.000140473
  28 0.55 0.189041 0.000151233
  29 0.57 0.198449 0.000158759
  30 0.59 0.189122 0.000151298
  31 0.61 0.172388 0.00013791
  32 0.63 0.169265 0.000135412
  33 0.65 0.166571 0.000133257
  34 0.67 0.16802 0.000134416
  35 0.69 0.199388 0.00015951
  36 0.71 0.287449 0.000229959
  37 0.73 0.523367 0.000418694
  38 0.75 0.911245 0.000728996
  39 0.77 1.35471 0.00108377
  40 0.79 1.64118 0.00131295
  41 0.81 1.78233 0.00142586
  42 0.83 1.81684 0.00145347
  43 0.85 1.8111 0.00144888
  44 0.87 1.84096 0.00147277
  45 0.89 1.84645 0.00147716
  46 0.91 1.84659 0.00147727
  47 0.93 1.85553 0.00148442
  48 0.95 1.86514 0.00149211
  49 0.97 1.85947 0.00148758
  50 0.99 1.85459 0.00148367
99000000 50 49.99999999999999
  1 0.01 1.86971 0.00149577
  2 0.03 1.8761 0.00150088
  3 0.05 1.8682 0.00149456
  4 0.07 1.87286 0.00149829
  5 0.09 1.85998 0.00148798
  6 0.11 1.83988 0.0014719
  7 0.13 1.84637 0.00147709
  8 0.15 1.8569 0.00148552
  9 0.17 1.8499 0.00147992
  10 0.19 1.81524 0.0014522
  11 0.21 1.68273 0.00134619
  12 0.23 1.39341 0.00111473
  13 0.25 0.930388 0.00074431
  14 0.27 0.507816 0.000406253
  15 0.29 0.253918 0.000203135
  16 0.31 0.142327 0.000113861
  17 0.33 0.108 8.64e-05
  18 0.35 0.117143 9.37143e-05
  19 0.37 0.145102 0.000116082
  20 0.39 0.172143 0.000137714
  21 0.41 0.166837 0.000133469
  22 0.43 0.139102 0.000111282
  23 0.45 0.125755 0.000100604
  24 0.47 0.142061 0.000113649
  25 0.49 0.165061 0.000132049
  26 0.51 0.170122 0.000136098
  27 0.53 0.173857 0.000139086
  28 0.55 0.177082 0.000141665
  29 0.57 0.16549 0.000132392
  30 0.59 0.148551 0.000118841
  31 0.61 0.132551 0.000106041
  32 0.63 0.132224 0.00010578
  33 0.65 0.159429 0.000127543
  34 0.67 0.20802 0.000166416
  35 0.69 0.270265 0.000216212
  36 0.71 0.390816 0.000312653
  37 0.73 0.626714 0.000501371
  38 0.75 0.954143 0.000763314
  39 0.77 1.30857 0.00104686
  40 0.79 1.5978 0.00127824
  41 0.81 1.77294 0.00141835
  42 0.83 1.84416 0.00147533
  43 0.85 1.86367 0.00149094
  44 0.87 1.86782 0.00149425
  45 0.89 1.88339 0.00150671
  46 0.91 1.89135 0.00151308
  47 0.93 1.88147 0.00150518
  48 0.95 1.88439 0.00150751
  49 0.97 1.8788 0.00150304
  50 0.99 1.86945 0.00149556
148500000 50 49.99999999999998
  1 0.01 1.89584 0.00151667
  2 0.03 1.877 0.0015016
  3 0.05 1.88567 0.00150854
  4 0.07 1.87737 0.00150189
  5 0.09 1.87155 0.00149724
  6 0.11 1.87745 0.00150196
  7 0.13 1.88004 0.00150403
  8 0.15 1.89953 0.00151962
  9 0.17 1.87024 0.0014962
  10 0.19 1.78822 0.00143058
  11 0.21 1.51855 0.00121484
  12 0.23 1.12137 0.000897094
  13 0.25 0.683694 0.000546955
  14 0.27 0.367429 0.000293943
  15 0.29 0.225327 0.000180261
  16 0.31 0.200837 0.000160669
  17 0.33 0.229531 0.000183624
  18 0.35 0.260367 0.000208294
  19 0.37 0.259918 0.000207935
  20 0.39 0.200592 0.000160473
  21 0.41 0.165347 0.000132278
  22 0.43 0.172816 0.000138253
  23 0.45 0.200245 0.000160196
  24 0.47 0.222245 0.000177796
  25 0.49 0.236694 0.000189355
  26 0.51 0.228653 0.000182922
  27 0.53 0.217 0.0001736
  28 0.55 0.198816 0.000159053
  29 0.57 0.180041 0.000144033
  30 0.59 0.168429 0.000134743
  31 0.61 0.162959 0.000130367
  32 0.63 0.155347 0.000124278
  33 0.65 0.146959 0.000117567
  34 0.67 0.144673 0.000115739
  35 0.69 0.150878 0.000120702
  36 0.71 0.211776 0.00016942
  37 0.73 0.411408 0.000329127
  38 0.75 0.797286 0.000637829
  39 0.77 1.28914 0.00103131
  40 0.79 1.66351 0.00133081
  41 0.81 1.86037 0.00148829
  42 0.83 1.91841 0.00153473
  43 0.85 1.92412 0.0015393
  44 0.87 1.93122 0.00154498
  45 0.89 1.92624 0.001541
  46 0.91 1.90584 0.00152467
  47 0.93 1.90508 0.00152407
  48 0.95 1.90753 0.00152602
  49 0.97 1.90024 0.0015202
  50 0.99 1.90618 0.00152495
198000000 50 50
  1 0.01 1.88306 0.00150645
  2 0.03 1.87833 0.00150266
  3 0.05 1.88963 0.00151171
  4 0.07 1.89535 0.00151628
  5 0.09 1.88869 0.00151096
  6 0.11 1.8971 0.00151768
  7 0.13 1.9061 0.00152488
  8 0.15 1.92286 0.00153829
  9 0.17 1.89169 0.00151336
  10 0.19 1.80027 0.00144021
  11 0.21 1.6248 0.00129984
  12 0.23 1.30786 0.00104629
  13 0.25 0.873469 0.000698776
  14 0.27 0.483082 0.000386465
  15 0.29 0.257918 0.000206335
  16 0.31 0.187265 0.000149812
  17 0.33 0.211633 0.000169306
  18 0.35 0.221857 0.000177486
  19 0.37 0.201347 0.000161078
  20 0.39 0.157265 0.000125812
  21 0.41 0.128082 0.000102465
  22 0.43 0.113327 9.06612e-05
  23 0.45 0.112551 9.00408e-05
  24 0.47 0.130694 0.000104555
  25 0.49 0.151143 0.000120914
  26 0.51 0.145163 0.000116131
  27 0.53 0.124061 9.9249e-05
  28 0.55 0.105837 8.46694e-05
  29 0.57 0.112327 8.98612e-05
  30 0.59 0.152224 0.00012178
  31 0.61 0.183918 0.000147135
  32 0.63 0.173612 0.00013889
  33 0.65 0.136878 0.000109502
  34 0.67 0.123082 9.84653e-05
  35 0.69 0.154653 0.000123722
  36 0.71 0.251735 0.000201388
  37 0.73 0.493327 0.000394661
  38 0.75 0.900449 0.000720359
  39 0.77 1.37378 0.00109902
  40 0.79 1.68824 0.0013506
  41 0.81 1.83994 0.00147195
  42 0.83 1.88139 0.00150511
  43 0.85 1.89182 0.00151345
  44 0.87 1.89041 0.00151233
  45 0.89 1.89159 0.00151327
  46 0.91 1.88533 0.00150826
  47 0.93 1.8828 0.00150624
  48 0.95 1.89822 0.00151858
  49 0.97 1.89986 0.00151989
  50 0.99 1.904 0.0015232
247500000 50 50
  1 0.01 1.87353 0.00149882
  2 0.03 1.88057 0.00150446
  3 0.05 1.88678 0.00150942
  4 0.07 1.90749 0.00152599
  5 0.09 1.91335 0.00153068
  6 0.11 1.89727 0.00151781
  7 0.13 1.89492 0.00151593
  8 0.15 1.88647 0.00150918
  9 0.17 1.85357 0.00148286
  10 0.19 1.7341 0.00138728
  11 0.21 1.52118 0.00121695
  12 0.23 1.18963 0.000951706
  13 0.25 0.851633 0.000681306
  14 0.27 0.561653 0.000449322
  15 0.29 0.359653 0.000287722
  16 0.31 0.260143 0.000208114
  17 0.33 0.224551 0.000179641
  18 0.35 0.239286 0.000191429
  19 0.37 0.218469 0.000174776
  20 0.39 0.168347 0.000134678
  21 0.41 0.140408 0.000112327
  22 0.43 0.144755 0.000115804
  23 0.45 0.152837 0.000122269
  24 0.47 0.179571 0.000143657
  25 0.49 0.202653 0.000162122
  26 0.51 0.212796 0.000170237
  27 0.53 0.201306 0.000161045
  28 0.55 0.162776 0.00013022
  29 0.57 0.142571 0.000114057
  30 0.59 0.130592 0.000104473
  31 0.61 0.12098 9.67837e-05
  32 0.63 0.105061 8.4049e-05
  33 0.65 0.112061 8.9649e-05
  34 0.67 0.129327 0.000103461
  35 0.69 0.181918 0.000145535
  36 0.71 0.319653 0.000255722
  37 0.73 0.544673 0.000435739
  38 0.75 0.936918 0.000749535
  39 0.77 1.37971 0.00110377
  40 0.79 1.68463 0.00134771
  41 0.81 1.81784 0.00145427
  42 0.83 1.83353 0.00146682
  43 0.85 1.84571 0.00147657
  44 0.87 1.85049 0.00148039
  45 0.89 1.85584 0.00148467
  46 0.91 1.85551 0.00148441
  47 0.93 1.86314 0.00149051
  48 0.95 1.84967 0.00147974
  49 0.97 1.85492 0.00148393
  50 0.99 1.86555 0.00149244
