# Chunk-averaged data for fix densityRegions3 and group polymer
# Timestep Number-of-chunks Total-count
# Chunk Coord1 Ncount density/number
49500000 50 25399.999999999996
  1 0.01 0 0
  2 0.03 0 0
  3 0.05 0 0
  4 0.07 0.000204082 1.63265e-07
  5 0.09 0.0238367 1.90694e-05
  6 0.11 0.206408 0.000165127
  7 0.13 0.832469 0.000665976
  8 0.15 2.16476 0.0017318
  9 0.17 5.44943 0.00435954
  10 0.19 14.9011 0.0119209
  11 0.21 48.7727 0.0390182
  12 0.23 154.272 0.123418
  13 0.25 378.472 0.302778
  14 0.27 656.854 0.525483
  15 0.29 856.551 0.685241
  16 0.31 956.535 0.765228
  17 0.33 1013.72 0.810976
  18 0.35 1070.8 0.856643
  19 0.37 1102.78 0.882221
  20 0.39 1094.72 0.875777
  21 0.41 1088.82 0.871057
  22 0.43 1111.97 0.889577
  23 0.45 1142.42 0.913935
  24 0.47 1136.06 0.908845
  25 0.49 1103.21 0.88257
  26 0.51 1058.62 0.846895
  27 0.53 1031.32 0.825058
  28 0.55 1036.76 0.82941
  29 0.57 1062.02 0.849615
  30 0.59 1063.17 0.850539
  31 0.61 1025.65 0.82052
  32 0.63 989.72 0.791776
  33 0.65 990.609 0.792487
  34 0.67 995.971 0.796777
  35 0.69 963.508 0.770807
  36 0.71 872.921 0.698337
  37 0.73 683.782 0.547026
  38 0.75 419.079 0.335263
  39 0.77 192.431 0.153945
  40 0.79 60.9903 0.0487922
  41 0.81 11.7888 0.00943105
  42 0.83 1.66192 0.00132953
  43 0.85 0.290163 0.000232131
  44 0.87 0.104265 8.34122e-05
  45 0.89 0.0384082 3.07265e-05
  46 0.91 0.0165714 1.32571e-05
  47 0.93 0.00404082 3.23265e-06
  48 0.95 0.000367347 2.93878e-07
  49 0.97 0 0
  50 0.99 0 0
99000000 50 25400
  1 0.01 0.343449 0.000274759
  2 0.03 0.144245 0.000115396
  3 0.05 0.0577347 4.61878e-05
  4 0.07 0.0129184 1.03347e-05
  5 0.09 0.00161224 1.2898e-06
  6 0.11 0.0277143 2.21714e-05
  7 0.13 0.175408 0.000140327
  8 0.15 0.617531 0.000494024
  9 0.17 2.244 0.0017952
  10 0.19 8.91108 0.00712887
  11 0.21 38.956 0.0311648
  12 0.23 149.809 0.119847
  13 0.25 409.876 0.327901
  14 0.27 735.392 0.588314
  15 0.29 967.016 0.773613
  16 0.31 1051.89 0.841515
  17 0.33 1054.28 0.843426
  18 0.35 1031.23 0.824985
  19 0.37 1041.13 0.832901
  20 0.39 1037.74 0.830195
  21 0.41 1053.54 0.842834
  22 0.43 1097.45 0.877963
  23 0.45 1110.78 0.888622
  24 0.47 1084.63 0.867704
  25 0.49 1047.2 0.83776
  26 0.51 1021.76 0.817405
  27 0.53 989.795 0.791836
  28 0.55 989.358 0.791487
  29 0.57 986.914 0.789531
  30 0.59 981.848 0.785479
  31 0.61 1022.54 0.818029
  32 0.63 1084.69 0.867749
  33 0.65 1114.04 0.89123
  34 0.67 1103.24 0.882588
  35 0.69 1035.64 0.828508
  36 0.71 832.614 0.666091
  37 0.73 570.658 0.456527
  38 0.75 336.816 0.269453
  39 0.77 178.408 0.142726
  40 0.79 95.1288 0.0761031
  41 0.81 51.8602 0.0414882
  42 0.83 29.7313 0.0237851
  43 0.85 18.6792 0.0149434
  44 0.87 12.7275 0.010182
  45 0.89 7.9739 0.00637912
  46 0.91 4.70455 0.00376364
  47 0.93 3.07433 0.00245946
  48 0.95 2.10914 0.00168731
  49 0.97 1.4302 0.00114416
  50 0.99 0.814429 0.000651543
148500000 50 25399.999999999996
  1 0.01 0 0
  2 0.03 0 0
  3 0.05 0 0
  4 0.07 0 0
  5 0.09 0.000673469 5.38776e-07
  6 0.11 0.00693878 5.55102e-06
  7 0.13 0.0480204 3.84163e-05
  8 0.15 0.354408 0.000283527
  9 0.17 2.3081 0.00184648
  10 0.19 13.3509 0.0106807
  11 0.21 55.7948 0.0446359
  12 0.23 181.885 0.145508
  13 0.25 413.463 0.330771
  14 0.27 678.998 0.543198
  15 0.29 875.051 0.700041
  16 0.31 993.019 0.794415
  17 0.33 1049.66 0.839731
  18 0.35 1072.16 0.857731
  19 0.37 1091.44 0.873149
  20 0.39 1098.98 0.879182
  21 0.41 1073.19 0.858548
  22 0.43 1019.8 0.815843
  23 0.45 1005.2 0.804159
  24 0.47 1013.11 0.810486
  25 0.49 1037.66 0.830131
  26 0.51 1046.51 0.837206
  27 0.53 1063.34 0.850669
  28 0.55 1096.09 0.876874
  29 0.57 1103.79 0.883028
  30 0.59 1082.14 0.865711
  31 0.61 1066.98 0.853585
  32 0.63 1080.93 0.864744
  33 0.65 1111.56 0.889248
  34 0.67 1091.26 0.873008
  35 0.69 982.248 0.785798
  36 0.71 821.439 0.657151
  37 0.73 597.569 0.478055
  38 0.75 347.492 0.277993
  39 0.77 155.117 0.124093
  40 0.79 56.022 0.0448176
  41 0.81 16.6689 0.0133351
  42 0.83 4.20408 0.00336327
  43 0.85 0.895388 0.00071631
  44 0.87 0.19598 0.000156784
  45 0.89 0.059551 4.76408e-05
  46 0.91 0.0130204 1.04163e-05
  47 0.93 0.00212245 1.69796e-06
  48 0.95 0 0
  49 0.97 0 0
  50 0.99 0 0
198000000 50 25400.000000000007
  1 0.01 0 0
  2 0.03 0 0
  3 0.05 0 0
  4 0.07 0 0
  5 0.09 0.00146939 1.17551e-06
  6 0.11 0.0599388 4.7951e-05
  7 0.13 0.499224 0.00039938
  8 0.15 2.67529 0.00214023
  9 0.17 9.044 0.0072352
  10 0.19 24.7082 0.0197665
  11 0.21 68.987 0.0551896
  12 0.23 178.662 0.142929
  13 0.25 376.468 0.301175
  14 0.27 636.141 0.508913
  15 0.29 883.772 0.707018
  16 0.31 1068.26 0.854607
  17 0.33 1164.9 0.931922
  18 0.35 1166.24 0.932989
  19 0.37 1117.18 0.893741
  20 0.39 1070.4 0.856319
  21 0.41 1005.37 0.804296
  22 0.43 992.428 0.793943
  23 0.45 1046.46 0.837168
  24 0.47 1069.77 0.85582
  25 0.49 1037.74 0.830195
  26 0.51 991.988 0.793591
  27 0.53 978.25 0.7826
  28 0.55 968.618 0.774895
  29 0.57 971.65 0.77732
  30 0.59 987.863 0.79029
  31 0.61 1003.53 0.802826
  32 0.63 998.804 0.799043
  33 0.65 1019.3 0.81544
  34 0.67 1058 0.846402
  35 0.69 1022.58 0.818062
  36 0.71 926.86 0.741488
  37 0.73 748.658 0.598926
  38 0.75 481.717 0.385374
  39 0.77 223.66 0.178928
  40 0.79 74.6544 0.0597235
  41 0.81 19.3136 0.0154508
  42 0.83 3.66665 0.00293332
  43 0.85 0.714265 0.000571412
  44 0.87 0.250776 0.00020062
  45 0.89 0.101163 8.09306e-05
  46 0.91 0.0433061 3.46449e-05
  47 0.93 0.00616327 4.93061e-06
  48 0.95 0 0
  49 0.97 0 0
  50 0.99 0 0
247500000 50 25400.000000000007
  1 0.01 0 0
  2 0.03 0 0
  3 0.05 0 0
  4 0.07 0 0
  5 0.09 0 0
  6 0.11 0.00167347 1.33878e-06
  7 0.13 0.0160816 1.28653e-05
  8 0.15 0.314592 0.000251673
  9 0.17 3.14306 0.00251445
  10 0.19 17.8653 0.0142922
  11 0.21 69.5659 0.0556527
  12 0.23 197.049 0.15764
  13 0.25 402.899 0.322319
  14 0.27 648.332 0.518665
  15 0.29 875.243 0.700194
  16 0.31 1047 0.8376
  17 0.33 1128.02 0.902415
  18 0.35 1096.82 0.877453
  19 0.37 1048.72 0.838976
  20 0.39 1013.84 0.811068
  21 0.41 977.687 0.782149
  22 0.43 995.268 0.796215
  23 0.45 1070.93 0.856742
  24 0.47 1121.62 0.897298
  25 0.49 1128.63 0.902903
  26 0.51 1102.48 0.881982
  27 0.53 1083.12 0.866497
  28 0.55 1043.4 0.834718
  29 0.57 991.887 0.793509
  30 0.59 1006.54 0.805233
  31 0.61 1014.35 0.811482
  32 0.63 1003.96 0.803167
  33 0.65 988.072 0.790458
  34 0.67 983.888 0.78711
  35 0.69 986.909 0.789527
  36 0.71 907.826 0.726261
  37 0.73 712.394 0.569915
  38 0.75 435.979 0.348783
  39 0.77 200.848 0.160679
  40 0.79 68.9411 0.0551529
  41 0.81 18.5898 0.0148718
  42 0.83 4.4938 0.00359504
  43 0.85 1.40063 0.00112051
  44 0.87 0.814633 0.000651706
  45 0.89 0.547184 0.000437747
  46 0.91 0.32149 0.000257192
  47 0.93 0.215469 0.000172376
  48 0.95 0.0683469 5.46776e-05
  49 0.97 0.00306122 2.44898e-06
  50 0.99 0 0
