# Chunk-averaged data for fix densityRegions2 and group client_coms
# Timestep Number-of-chunks Total-count
# Chunk Coord1 Ncount density/number
49500000 50 49.999999999999986
  1 0.01 0.111918 8.95347e-05
  2 0.03 0.109306 8.74449e-05
  3 0.05 0.108857 8.70857e-05
  4 0.07 0.107878 8.6302e-05
  5 0.09 0.105939 8.4751e-05
  6 0.11 0.105898 8.47184e-05
  7 0.13 0.107041 8.56327e-05
  8 0.15 0.123163 9.85306e-05
  9 0.17 0.183816 0.000147053
  10 0.19 0.349837 0.000279869
  11 0.21 0.63702 0.000509616
  12 0.23 0.988816 0.000791053
  13 0.25 1.28571 0.00102857
  14 0.27 1.56386 0.00125109
  15 0.29 1.78996 0.00143197
  16 0.31 1.8958 0.00151664
  17 0.33 1.731 0.0013848
  18 0.35 1.72171 0.00137737
  19 0.37 1.70453 0.00136362
  20 0.39 1.99239 0.00159391
  21 0.41 1.86547 0.00149238
  22 0.43 1.56027 0.00124821
  23 0.45 1.584 0.0012672
  24 0.47 1.91867 0.00153494
  25 0.49 2.35443 0.00188354
  26 0.51 2.15012 0.0017201
  27 0.53 1.68686 0.00134949
  28 0.55 1.54843 0.00123874
  29 0.57 1.75537 0.00140429
  30 0.59 1.9439 0.00155512
  31 0.61 1.76616 0.00141293
  32 0.63 1.5732 0.00125856
  33 0.65 1.66939 0.00133551
  34 0.67 1.68088 0.0013447
  35 0.69 1.74163 0.00139331
  36 0.71 1.72941 0.00138353
  37 0.73 1.43253 0.00114602
  38 0.75 0.94898 0.000759184
  39 0.77 0.568714 0.000454971
  40 0.79 0.374347 0.000299478
  41 0.81 0.288245 0.000230596
  42 0.83 0.216163 0.000172931
  43 0.85 0.148408 0.000118727
  44 0.87 0.120735 9.65878e-05
  45 0.89 0.110878 8.8702e-05
  46 0.91 0.107367 8.58939e-05
  47 0.93 0.105918 8.47347e-05
  48 0.95 0.10549 8.43918e-05
  49 0.97 0.108388 8.67102e-05
  50 0.99 0.111204 8.89633e-05
99000000 50 49.999999999999986
  1 0.01 0.137061 0.000109649
  2 0.03 0.137837 0.000110269
  3 0.05 0.139939 0.000111951
  4 0.07 0.137898 0.000110318
  5 0.09 0.132531 0.000106024
  6 0.11 0.128592 0.000102873
  7 0.13 0.132816 0.000106253
  8 0.15 0.136327 0.000109061
  9 0.17 0.166918 0.000133535
  10 0.19 0.252184 0.000201747
  11 0.21 0.422082 0.000337665
  12 0.23 0.68202 0.000545616
  13 0.25 1.04714 0.000837714
  14 0.27 1.50427 0.00120341
  15 0.29 1.83247 0.00146598
  16 0.31 1.95849 0.00156679
  17 0.33 1.869 0.0014952
  18 0.35 1.72506 0.00138005
  19 0.37 1.73055 0.00138444
  20 0.39 1.84878 0.00147902
  21 0.41 1.75394 0.00140315
  22 0.43 1.69427 0.00135541
  23 0.45 1.58298 0.00126638
  24 0.47 1.74514 0.00139611
  25 0.49 2.05269 0.00164216
  26 0.51 2.09565 0.00167652
  27 0.53 1.7608 0.00140864
  28 0.55 1.60569 0.00128456
  29 0.57 1.47443 0.00117954
  30 0.59 1.54447 0.00123558
  31 0.61 1.73455 0.00138764
  32 0.63 2.26449 0.00181159
  33 0.65 2.03902 0.00163122
  34 0.67 1.81188 0.0014495
  35 0.69 1.70367 0.00136294
  36 0.71 1.69486 0.00135589
  37 0.73 1.47765 0.00118212
  38 0.75 1.12627 0.000901012
  39 0.77 0.718265 0.000574612
  40 0.79 0.415612 0.00033249
  41 0.81 0.26198 0.000209584
  42 0.83 0.192469 0.000153976
  43 0.85 0.161796 0.000129437
  44 0.87 0.146265 0.000117012
  45 0.89 0.145347 0.000116278
  46 0.91 0.135347 0.000108278
  47 0.93 0.138429 0.000110743
  48 0.95 0.136122 0.000108898
  49 0.97 0.13198 0.000105584
  50 0.99 0.13198 0.000105584
148500000 50 50.000000000000014
  1 0.01 0.112755 9.02041e-05
  2 0.03 0.109286 8.74286e-05
  3 0.05 0.111857 8.94857e-05
  4 0.07 0.114408 9.15265e-05
  5 0.09 0.117755 9.42041e-05
  6 0.11 0.124347 9.94776e-05
  7 0.13 0.129367 0.000103494
  8 0.15 0.132592 0.000106073
  9 0.17 0.161857 0.000129486
  10 0.19 0.229755 0.000183804
  11 0.21 0.333857 0.000267086
  12 0.23 0.495204 0.000396163
  13 0.25 0.804204 0.000643363
  14 0.27 1.2799 0.00102392
  15 0.29 1.63684 0.00130947
  16 0.31 1.74355 0.00139484
  17 0.33 1.65073 0.00132059
  18 0.35 1.75527 0.00140421
  19 0.37 1.89961 0.00151969
  20 0.39 1.90476 0.0015238
  21 0.41 1.93257 0.00154606
  22 0.43 1.88504 0.00150803
  23 0.45 1.97661 0.00158129
  24 0.47 2.14845 0.00171876
  25 0.49 2.04527 0.00163621
  26 0.51 2.07186 0.00165749
  27 0.53 1.84455 0.00147564
  28 0.55 1.51469 0.00121176
  29 0.57 1.50767 0.00120614
  30 0.59 1.70714 0.00136571
  31 0.61 2.03622 0.00162898
  32 0.63 2.23576 0.0017886
  33 0.65 2.09473 0.00167579
  34 0.67 1.95294 0.00156235
  35 0.69 1.74645 0.00139716
  36 0.71 1.54269 0.00123416
  37 0.73 1.34876 0.001079
  38 0.75 1.03394 0.000827151
  39 0.77 0.683816 0.000547053
  40 0.79 0.414959 0.000331967
  41 0.81 0.247816 0.000198253
  42 0.83 0.167204 0.000133763
  43 0.85 0.142102 0.000113682
  44 0.87 0.136592 0.000109273
  45 0.89 0.131265 0.000105012
  46 0.91 0.127878 0.000102302
  47 0.93 0.122429 9.79429e-05
  48 0.95 0.120469 9.63755e-05
  49 0.97 0.116531 9.32245e-05
  50 0.99 0.115694 9.25551e-05
