# Chunk-averaged data for fix densityRegions3 and group polymer
# Timestep Number-of-chunks Total-count
# Chunk Coord1 Ncount density/number
49500000 50 25399.999999999996
  1 0.01 0 0
  2 0.03 0 0
  3 0.05 0 0
  4 0.07 0 0
  5 0.09 0 0
  6 0.11 0 0
  7 0.13 0.00212245 1.69796e-06
  8 0.15 0.0566735 4.53388e-05
  9 0.17 0.798735 0.000638988
  10 0.19 7.53406 0.00602725
  11 0.21 39.2544 0.0314035
  12 0.23 141.445 0.113156
  13 0.25 347.629 0.278103
  14 0.27 604.167 0.483334
  15 0.29 838.729 0.670983
  16 0.31 1018.34 0.81467
  17 0.33 1120.02 0.896012
  18 0.35 1135.5 0.908403
  19 0.37 1084.21 0.867366
  20 0.39 1015.25 0.812197
  21 0.41 992.401 0.793921
  22 0.43 1044.34 0.83547
  23 0.45 1113.39 0.890711
  24 0.47 1138.74 0.910991
  25 0.49 1143.89 0.915113
  26 0.51 1133.13 0.906502
  27 0.53 1097.22 0.877774
  28 0.55 1021.11 0.816885
  29 0.57 964.723 0.771779
  30 0.59 935.507 0.748406
  31 0.61 925.724 0.740579
  32 0.63 913.71 0.730968
  33 0.65 909.298 0.727438
  34 0.67 891.884 0.713507
  35 0.69 867.797 0.694238
  36 0.71 815.876 0.6527
  37 0.73 736.983 0.589587
  38 0.75 604.304 0.483443
  39 0.77 422.341 0.337873
  40 0.79 236.633 0.189306
  41 0.81 99.8383 0.0798706
  42 0.83 29.7033 0.0237627
  43 0.85 7.009 0.0056072
  44 0.87 1.35533 0.00108426
  45 0.89 0.170918 0.000136735
  46 0.91 0.00871429 6.97143e-06
  47 0.93 0 0
  48 0.95 0 0
  49 0.97 0 0
  50 0.99 0 0
99000000 50 25400
  1 0.01 0 0
  2 0.03 0 0
  3 0.05 0 0
  4 0.07 0.000530612 4.2449e-07
  5 0.09 0.0256327 2.05061e-05
  6 0.11 0.125796 0.000100637
  7 0.13 0.424673 0.000339739
  8 0.15 1.49182 0.00119345
  9 0.17 5.80906 0.00464725
  10 0.19 20.9262 0.016741
  11 0.21 65.3928 0.0523142
  12 0.23 170.303 0.136242
  13 0.25 362.337 0.28987
  14 0.27 601.63 0.481304
  15 0.29 797.918 0.638334
  16 0.31 920.193 0.736155
  17 0.33 998.761 0.799009
  18 0.35 1066.07 0.852852
  19 0.37 1100.21 0.88017
  20 0.39 1084.89 0.867912
  21 0.41 1060.2 0.848157
  22 0.43 1065.73 0.852586
  23 0.45 1120.28 0.896226
  24 0.47 1153 0.922398
  25 0.49 1135.21 0.908165
  26 0.51 1073 0.858396
  27 0.53 996.624 0.797299
  28 0.55 948.196 0.758556
  29 0.57 967.954 0.774364
  30 0.59 1001.33 0.801066
  31 0.61 1006.55 0.805244
  32 0.63 1015.9 0.812724
  33 0.65 1031.99 0.825588
  34 0.67 1031.43 0.825146
  35 0.69 977.927 0.782342
  36 0.71 865.212 0.69217
  37 0.73 687.643 0.550115
  38 0.75 482.376 0.385901
  39 0.77 298.604 0.238883
  40 0.79 160.447 0.128358
  41 0.81 72.9157 0.0583326
  42 0.83 31.586 0.0252688
  43 0.85 13.317 0.0106536
  44 0.87 4.63647 0.00370918
  45 0.89 1.19988 0.000959902
  46 0.91 0.207388 0.00016591
  47 0.93 0.0252857 2.02286e-05
  48 0.95 0.00185714 1.48571e-06
  49 0.97 0 0
  50 0.99 0 0
148500000 50 25399.999999999993
  1 0.01 0 0
  2 0.03 0 0
  3 0.05 0 0
  4 0.07 0 0
  5 0.09 0.00363265 2.90612e-06
  6 0.11 0.0482449 3.85959e-05
  7 0.13 0.186551 0.000149241
  8 0.15 0.799143 0.000639314
  9 0.17 4.53118 0.00362495
  10 0.19 25.2271 0.0201816
  11 0.21 92.8491 0.0742793
  12 0.23 230.79 0.184632
  13 0.25 412.256 0.329804
  14 0.27 584.062 0.46725
  15 0.29 726.922 0.581538
  16 0.31 837.58 0.670064
  17 0.33 952.125 0.7617
  18 0.35 1046.99 0.837592
  19 0.37 1095.09 0.876073
  20 0.39 1081.86 0.865491
  21 0.41 1065.95 0.852758
  22 0.43 1067.19 0.85375
  23 0.45 1066.65 0.85332
  24 0.47 1068.15 0.854518
  25 0.49 1075.55 0.860436
  26 0.51 1081.04 0.864832
  27 0.53 1081.39 0.865108
  28 0.55 1057.77 0.846219
  29 0.57 1017.89 0.814313
  30 0.59 999.23 0.799384
  31 0.61 1000.91 0.800731
  32 0.63 1028.85 0.82308
  33 0.65 1104.27 0.883417
  34 0.67 1124.73 0.899786
  35 0.69 1045.77 0.836614
  36 0.71 890.114 0.712091
  37 0.73 673.738 0.53899
  38 0.75 438.2 0.35056
  39 0.77 245.116 0.196093
  40 0.79 113.11 0.0904883
  41 0.81 41.298 0.0330384
  42 0.83 13.3894 0.0107115
  43 0.85 4.87233 0.00389786
  44 0.87 2.07392 0.00165913
  45 0.89 0.930122 0.000744098
  46 0.91 0.353755 0.000283004
  47 0.93 0.128653 0.000102922
  48 0.95 0.018102 1.44816e-05
  49 0.97 0.000163265 1.30612e-07
  50 0.99 0 0
198000000 50 25400
  1 0.01 0 0
  2 0.03 0 0
  3 0.05 0.00167347 1.33878e-06
  4 0.07 0.0105102 8.40816e-06
  5 0.09 0.0448163 3.58531e-05
  6 0.11 0.178816 0.000143053
  7 0.13 0.421653 0.000337322
  8 0.15 0.973041 0.000778433
  9 0.17 2.79573 0.00223659
  10 0.19 13.4701 0.0107761
  11 0.21 61.4483 0.0491587
  12 0.23 180.881 0.144705
  13 0.25 366.896 0.293517
  14 0.27 576.331 0.461065
  15 0.29 754.231 0.603384
  16 0.31 876.342 0.701074
  17 0.33 962.025 0.76962
  18 0.35 1012.47 0.809976
  19 0.37 1053.07 0.842453
  20 0.39 1092.28 0.873827
  21 0.41 1090.84 0.872675
  22 0.43 1061.79 0.849429
  23 0.45 1053.08 0.842464
  24 0.47 1085 0.868001
  25 0.49 1081.17 0.864935
  26 0.51 1046.62 0.837297
  27 0.53 1016.02 0.812818
  28 0.55 1039.24 0.831395
  29 0.57 1094.94 0.875951
  30 0.59 1138.84 0.91107
  31 0.61 1149.83 0.91986
  32 0.63 1130.29 0.904231
  33 0.65 1107.45 0.885963
  34 0.67 1067.84 0.854269
  35 0.69 1001.64 0.801312
  36 0.71 884.864 0.707891
  37 0.73 665.326 0.532261
  38 0.75 415.196 0.332157
  39 0.77 210.003 0.168002
  40 0.79 77.6334 0.0621067
  41 0.81 21.5077 0.0172062
  42 0.83 5.02314 0.00401851
  43 0.85 1.20904 0.000967233
  44 0.87 0.457531 0.000366024
  45 0.89 0.201857 0.000161486
  46 0.91 0.088102 7.04816e-05
  47 0.93 0.0280612 2.2449e-05
  48 0.95 0.00371429 2.97143e-06
  49 0.97 0.000367347 2.93878e-07
  50 0.99 0 0
247500000 50 25400.00000000001
  1 0.01 0 0
  2 0.03 0 0
  3 0.05 0 0
  4 0.07 0 0
  5 0.09 0 0
  6 0.11 0 0
  7 0.13 0.000285714 2.28571e-07
  8 0.15 0.047898 3.83184e-05
  9 0.17 0.574347 0.000459478
  10 0.19 3.75469 0.00300376
  11 0.21 18.9184 0.0151348
  12 0.23 79.1137 0.063291
  13 0.25 232.355 0.185884
  14 0.27 482.941 0.386353
  15 0.29 752.094 0.601675
  16 0.31 941.59 0.753272
  17 0.33 1053.55 0.842842
  18 0.35 1124.85 0.899878
  19 0.37 1151.15 0.920918
  20 0.39 1136.7 0.909358
  21 0.41 1114.64 0.891715
  22 0.43 1096.14 0.876911
  23 0.45 1086.5 0.869202
  24 0.47 1076.6 0.86128
  25 0.49 1061.69 0.849352
  26 0.51 1049.28 0.839427
  27 0.53 1036.37 0.829095
  28 0.55 1050.72 0.840573
  29 0.57 1091.76 0.87341
  30 0.59 1114.56 0.891649
  31 0.61 1133.03 0.906426
  32 0.63 1152.84 0.922274
  33 0.65 1131.04 0.904829
  34 0.67 1060.14 0.848108
  35 0.69 1003.87 0.803096
  36 0.71 890.001 0.712001
  37 0.73 659.981 0.527985
  38 0.75 382.373 0.305898
  39 0.77 161.971 0.129577
  40 0.79 50.6515 0.0405212
  41 0.81 13.8258 0.0110606
  42 0.83 3.4478 0.00275824
  43 0.85 0.802347 0.000641878
  44 0.87 0.12498 9.99837e-05
  45 0.89 0.00369388 2.9551e-06
  46 0.91 0 0
  47 0.93 0 0
  48 0.95 0 0
  49 0.97 0 0
  50 0.99 0 0
