# Chunk-averaged data for fix densityRegions3 and group polymer
# Timestep Number-of-chunks Total-count
# Chunk Coord1 Ncount density/number
49500000 50 25400.000000000004
  1 0.01 0 0
  2 0.03 0 0
  3 0.05 4.08163e-05 3.26531e-08
  4 0.07 0.000469388 3.7551e-07
  5 0.09 0.00442857 3.54286e-06
  6 0.11 0.0314694 2.51755e-05
  7 0.13 0.267347 0.000213878
  8 0.15 2.06712 0.0016537
  9 0.17 10.9837 0.00878692
  10 0.19 39.2599 0.0314079
  11 0.21 109.397 0.0875174
  12 0.23 250.139 0.200111
  13 0.25 468.125 0.3745
  14 0.27 683.204 0.546564
  15 0.29 816.435 0.653148
  16 0.31 900.972 0.720778
  17 0.33 961.598 0.769279
  18 0.35 1022.6 0.818076
  19 0.37 1071.68 0.857344
  20 0.39 1135.76 0.908612
  21 0.41 1159.6 0.927676
  22 0.43 1086.54 0.869232
  23 0.45 991.646 0.793317
  24 0.47 964.708 0.771766
  25 0.49 956.742 0.765394
  26 0.51 957.604 0.766083
  27 0.53 986.391 0.789113
  28 0.55 1020.43 0.816343
  29 0.57 1050.43 0.840342
  30 0.59 1107.21 0.885769
  31 0.61 1142.46 0.913969
  32 0.63 1156 0.924799
  33 0.65 1127.07 0.901654
  34 0.67 1044.64 0.835715
  35 0.69 916.438 0.733151
  36 0.71 757.756 0.606205
  37 0.73 593.66 0.474928
  38 0.75 410.319 0.328255
  39 0.77 241.823 0.193459
  40 0.79 133.482 0.106786
  41 0.81 69.1848 0.0553479
  42 0.83 32.9913 0.0263931
  43 0.85 13.6558 0.0109246
  44 0.87 4.83765 0.00387012
  45 0.89 1.51316 0.00121053
  46 0.91 0.321184 0.000256947
  47 0.93 0.0265918 2.12735e-05
  48 0.95 0.000408163 3.26531e-07
  49 0.97 0 0
  50 0.99 0 0
99000000 50 25400.000000000004
  1 0.01 0 0
  2 0.03 0 0
  3 0.05 0.000122449 9.79592e-08
  4 0.07 0.00734694 5.87755e-06
  5 0.09 0.061898 4.95184e-05
  6 0.11 0.313878 0.000251102
  7 0.13 1.23998 0.000991984
  8 0.15 4.686 0.0037488
  9 0.17 15.8495 0.0126796
  10 0.19 44.3929 0.0355143
  11 0.21 104.555 0.0836441
  12 0.23 217.606 0.174085
  13 0.25 399.076 0.31926
  14 0.27 616.615 0.493292
  15 0.29 802.224 0.641779
  16 0.31 927.287 0.74183
  17 0.33 988.362 0.79069
  18 0.35 1031.24 0.82499
  19 0.37 1083.7 0.866956
  20 0.39 1063.32 0.850657
  21 0.41 1041.5 0.833198
  22 0.43 1050.32 0.840253
  23 0.45 1054.12 0.843294
  24 0.47 1073.51 0.858811
  25 0.49 1078.92 0.863136
  26 0.51 1100.56 0.880448
  27 0.53 1121.35 0.897081
  28 0.55 1107.04 0.885633
  29 0.57 1065.69 0.852552
  30 0.59 1039.88 0.831901
  31 0.61 996.04 0.796832
  32 0.63 1002.57 0.802055
  33 0.65 1033.55 0.826841
  34 0.67 1052.58 0.842066
  35 0.69 1023.93 0.81914
  36 0.71 908.769 0.727015
  37 0.73 680.724 0.544579
  38 0.75 403.688 0.32295
  39 0.77 185.106 0.148085
  40 0.79 60.9423 0.0487539
  41 0.81 15.05 0.01204
  42 0.83 3.07084 0.00245667
  43 0.85 0.495082 0.000396065
  44 0.87 0.0666531 5.33224e-05
  45 0.89 0.00334694 2.67755e-06
  46 0.91 0 0
  47 0.93 0 0
  48 0.95 0 0
  49 0.97 0 0
  50 0.99 0 0
148500000 50 25400
  1 0.01 0 0
  2 0.03 0 0
  3 0.05 0 0
  4 0.07 0 0
  5 0.09 0.000510204 4.08163e-07
  6 0.11 0.00789796 6.31837e-06
  7 0.13 0.0726939 5.81551e-05
  8 0.15 0.502857 0.000402286
  9 0.17 2.80586 0.00224469
  10 0.19 13.1466 0.0105173
  11 0.21 56.6604 0.0453283
  12 0.23 188.739 0.150991
  13 0.25 425.316 0.340253
  14 0.27 673.798 0.539038
  15 0.29 831.846 0.665477
  16 0.31 944.851 0.755881
  17 0.33 1031.77 0.825415
  18 0.35 1060.83 0.848664
  19 0.37 1044.52 0.835614
  20 0.39 1035.56 0.828451
  21 0.41 1032.19 0.825751
  22 0.43 1060.14 0.848109
  23 0.45 1094.11 0.875286
  24 0.47 1094.53 0.875625
  25 0.49 1053.52 0.842818
  26 0.51 1008.44 0.806754
  27 0.53 1014.47 0.811575
  28 0.55 1053.02 0.842416
  29 0.57 1094.13 0.875301
  30 0.59 1102.97 0.882373
  31 0.61 1104.73 0.883781
  32 0.63 1084.53 0.867624
  33 0.65 1091.34 0.873073
  34 0.67 1091.68 0.873344
  35 0.69 1041.48 0.833185
  36 0.71 893.429 0.714743
  37 0.73 639.185 0.511348
  38 0.75 352.244 0.281795
  39 0.77 136.346 0.109077
  40 0.79 37.6351 0.030108
  41 0.81 7.61002 0.00608802
  42 0.83 1.35363 0.00108291
  43 0.85 0.316041 0.000252833
  44 0.87 0.12602 0.000100816
  45 0.89 0.05 4e-05
  46 0.91 0.00655102 5.24082e-06
  47 0.93 0.000285714 2.28571e-07
  48 0.95 0 0
  49 0.97 0 0
  50 0.99 0 0
198000000 50 25400
  1 0.01 0 0
  2 0.03 0 0
  3 0.05 0 0
  4 0.07 0 0
  5 0.09 0 0
  6 0.11 0.000673469 5.38776e-07
  7 0.13 0.0162041 1.29633e-05
  8 0.15 0.27298 0.000218384
  9 0.17 2.19233 0.00175386
  10 0.19 13.4162 0.010733
  11 0.21 62.0094 0.0496075
  12 0.23 201.372 0.161098
  13 0.25 438.516 0.350813
  14 0.27 703.455 0.562764
  15 0.29 911.081 0.728865
  16 0.31 1020.61 0.816488
  17 0.33 1046.82 0.837455
  18 0.35 1045.06 0.836051
  19 0.37 1049.49 0.839594
  20 0.39 1036.89 0.829516
  21 0.41 1036.94 0.829553
  22 0.43 1022.75 0.8182
  23 0.45 1015.84 0.812673
  24 0.47 996.185 0.796948
  25 0.49 960.846 0.768677
  26 0.51 938.112 0.75049
  27 0.53 948.759 0.759007
  28 0.55 999.262 0.79941
  29 0.57 1049.85 0.839883
  30 0.59 1098.36 0.878684
  31 0.61 1140.26 0.912206
  32 0.63 1165.94 0.932749
  33 0.65 1169.56 0.935644
  34 0.67 1127.56 0.902047
  35 0.69 1060.79 0.848632
  36 0.71 930.262 0.74421
  37 0.73 675.876 0.540701
  38 0.75 360.319 0.288255
  39 0.77 132.875 0.1063
  40 0.79 31.7958 0.0254367
  41 0.81 5.49386 0.00439509
  42 0.83 0.904082 0.000723265
  43 0.85 0.178286 0.000142629
  44 0.87 0.0643878 5.15102e-05
  45 0.89 0.0145918 1.16735e-05
  46 0.91 0.000510204 4.08163e-07
  47 0.93 0 0
  48 0.95 0 0
  49 0.97 0 0
  50 0.99 0 0
247500000 50 25399.999999999996
  1 0.01 0 0
  2 0.03 0 0
  3 0.05 0 0
  4 0.07 0 0
  5 0.09 0 0
  6 0.11 0.000428571 3.42857e-07
  7 0.13 0.0238776 1.9102e-05
  8 0.15 0.20702 0.000165616
  9 0.17 1.89869 0.00151896
  10 0.19 13.031 0.0104248
  11 0.21 57.2198 0.0457758
  12 0.23 184.081 0.147265
  13 0.25 435.851 0.348681
  14 0.27 730.992 0.584793
  15 0.29 917.439 0.733952
  16 0.31 997.997 0.798398
  17 0.33 1025.33 0.820262
  18 0.35 1047.89 0.838315
  19 0.37 1068.86 0.855085
  20 0.39 1044.18 0.835342
  21 0.41 1030.06 0.824044
  22 0.43 1026.05 0.82084
  23 0.45 1047.38 0.837901
  24 0.47 1039.68 0.831742
  25 0.49 1004.08 0.803264
  26 0.51 1004.72 0.80378
  27 0.53 1012.82 0.810259
  28 0.55 1007.99 0.806389
  29 0.57 1009.28 0.807425
  30 0.59 1003.82 0.803059
  31 0.61 1010.75 0.808596
  32 0.63 1052.23 0.841786
  33 0.65 1056.14 0.844911
  34 0.67 1023.36 0.818685
  35 0.69 1004.66 0.803726
  36 0.71 909.984 0.727987
  37 0.73 730.335 0.584268
  38 0.75 485.311 0.388249
  39 0.77 258.117 0.206494
  40 0.79 109.938 0.0879501
  41 0.81 36.5293 0.0292234
  42 0.83 9.7999 0.00783992
  43 0.85 1.79322 0.00143458
  44 0.87 0.178388 0.00014271
  45 0.89 0.00616327 4.93061e-06
  46 0.91 0 0
  47 0.93 0 0
  48 0.95 0 0
  49 0.97 0 0
  50 0.99 0 0
