# Chunk-averaged data for fix densityRegions2 and group client_coms
# Timestep Number-of-chunks Total-count
# Chunk Coord1 Ncount density/number
49500000 50 50.00000000000001
  1 0.01 1.89835 0.00151868
  2 0.03 1.91894 0.00153515
  3 0.05 1.90555 0.00152444
  4 0.07 1.91478 0.00153182
  5 0.09 1.88982 0.00151185
  6 0.11 1.89963 0.00151971
  7 0.13 1.91818 0.00153455
  8 0.15 1.9082 0.00152656
  9 0.17 1.87788 0.0015023
  10 0.19 1.80194 0.00144155
  11 0.21 1.57424 0.0012594
  12 0.23 1.18335 0.000946678
  13 0.25 0.757571 0.000606057
  14 0.27 0.446245 0.000356996
  15 0.29 0.276082 0.000220865
  16 0.31 0.207184 0.000165747
  17 0.33 0.190224 0.00015218
  18 0.35 0.195082 0.000156065
  19 0.37 0.20398 0.000163184
  20 0.39 0.203102 0.000162482
  21 0.41 0.203306 0.000162645
  22 0.43 0.211857 0.000169486
  23 0.45 0.201551 0.000161241
  24 0.47 0.16151 0.000129208
  25 0.49 0.12398 9.91837e-05
  26 0.51 0.109796 8.78367e-05
  27 0.53 0.115306 9.22449e-05
  28 0.55 0.139469 0.000111576
  29 0.57 0.167041 0.000133633
  30 0.59 0.178449 0.000142759
  31 0.61 0.179714 0.000143771
  32 0.63 0.179939 0.000143951
  33 0.65 0.187694 0.000150155
  34 0.67 0.206755 0.000165404
  35 0.69 0.26898 0.000215184
  36 0.71 0.377449 0.000301959
  37 0.73 0.563041 0.000450433
  38 0.75 0.81498 0.000651984
  39 0.77 1.15965 0.000927722
  40 0.79 1.50047 0.00120038
  41 0.81 1.71937 0.00137549
  42 0.83 1.83894 0.00147115
  43 0.85 1.89943 0.00151954
  44 0.87 1.91706 0.00153365
  45 0.89 1.92949 0.00154359
  46 0.91 1.9261 0.00154088
  47 0.93 1.90524 0.0015242
  48 0.95 1.88545 0.00150836
  49 0.97 1.87982 0.00150385
  50 0.99 1.87784 0.00150227
99000000 50 49.99999999999999
  1 0.01 1.85941 0.00148753
  2 0.03 1.86645 0.00149316
  3 0.05 1.86208 0.00148967
  4 0.07 1.88735 0.00150988
  5 0.09 1.89929 0.00151943
  6 0.11 1.90792 0.00152633
  7 0.13 1.91057 0.00152846
  8 0.15 1.92476 0.0015398
  9 0.17 1.90565 0.00152452
  10 0.19 1.85786 0.00148629
  11 0.21 1.70041 0.00136033
  12 0.23 1.37278 0.00109822
  13 0.25 0.914837 0.000731869
  14 0.27 0.538837 0.000431069
  15 0.29 0.300694 0.000240555
  16 0.31 0.191694 0.000153355
  17 0.33 0.159694 0.000127755
  18 0.35 0.176367 0.000141094
  19 0.37 0.192857 0.000154286
  20 0.39 0.199755 0.000159804
  21 0.41 0.20849 0.000166792
  22 0.43 0.191714 0.000153371
  23 0.45 0.15702 0.000125616
  24 0.47 0.128918 0.000103135
  25 0.49 0.117959 9.43673e-05
  26 0.51 0.12851 0.000102808
  27 0.53 0.150163 0.000120131
  28 0.55 0.155816 0.000124653
  29 0.57 0.141408 0.000113127
  30 0.59 0.137714 0.000110171
  31 0.61 0.15049 0.000120392
  32 0.63 0.164 0.0001312
  33 0.65 0.158469 0.000126776
  34 0.67 0.151449 0.000121159
  35 0.69 0.177122 0.000141698
  36 0.71 0.301184 0.000240947
  37 0.73 0.54751 0.000438008
  38 0.75 0.881143 0.000704914
  39 0.77 1.27484 0.00101987
  40 0.79 1.60249 0.00128199
  41 0.81 1.77647 0.00142118
  42 0.83 1.83804 0.00147043
  43 0.85 1.83837 0.00147069
  44 0.87 1.83041 0.00146433
  45 0.89 1.84214 0.00147371
  46 0.91 1.86161 0.00148929
  47 0.93 1.861 0.0014888
  48 0.95 1.86657 0.00149326
  49 0.97 1.85649 0.00148519
  50 0.99 1.87324 0.0014986
148500000 50 49.99999999999999
  1 0.01 1.84802 0.00147842
  2 0.03 1.83643 0.00146914
  3 0.05 1.84735 0.00147788
  4 0.07 1.84465 0.00147572
  5 0.09 1.86231 0.00148984
  6 0.11 1.87686 0.00150149
  7 0.13 1.88263 0.00150611
  8 0.15 1.88365 0.00150692
  9 0.17 1.86073 0.00148859
  10 0.19 1.80998 0.00144798
  11 0.21 1.67033 0.00133626
  12 0.23 1.39151 0.00111321
  13 0.25 0.98249 0.000785992
  14 0.27 0.567245 0.000453796
  15 0.29 0.308429 0.000246743
  16 0.31 0.202224 0.00016178
  17 0.33 0.169959 0.000135967
  18 0.35 0.15902 0.000127216
  19 0.37 0.169959 0.000135967
  20 0.39 0.200429 0.000160343
  21 0.41 0.228673 0.000182939
  22 0.43 0.232898 0.000186318
  23 0.45 0.208531 0.000166824
  24 0.47 0.153082 0.000122465
  25 0.49 0.116327 9.30612e-05
  26 0.51 0.109327 8.74612e-05
  27 0.53 0.122531 9.80245e-05
  28 0.55 0.136837 0.000109469
  29 0.57 0.137878 0.000110302
  30 0.59 0.142755 0.000114204
  31 0.61 0.140653 0.000112522
  32 0.63 0.132122 0.000105698
  33 0.65 0.14149 0.000113192
  34 0.67 0.163837 0.000131069
  35 0.69 0.207633 0.000166106
  36 0.71 0.318163 0.000254531
  37 0.73 0.533531 0.000426824
  38 0.75 0.885857 0.000708686
  39 0.77 1.30016 0.00104013
  40 0.79 1.61347 0.00129078
  41 0.81 1.77631 0.00142104
  42 0.83 1.84431 0.00147544
  43 0.85 1.87284 0.00149827
  44 0.87 1.87867 0.00150294
  45 0.89 1.87435 0.00149948
  46 0.91 1.87945 0.00150356
  47 0.93 1.87069 0.00149656
  48 0.95 1.88124 0.001505
  49 0.97 1.87351 0.00149881
  50 0.99 1.84867 0.00147894
198000000 50 49.99999999999999
  1 0.01 1.86633 0.00149306
  2 0.03 1.84735 0.00147788
  3 0.05 1.84733 0.00147786
  4 0.07 1.84394 0.00147515
  5 0.09 1.85322 0.00148258
  6 0.11 1.88151 0.00150521
  7 0.13 1.88845 0.00151076
  8 0.15 1.8938 0.00151504
  9 0.17 1.88688 0.0015095
  10 0.19 1.84253 0.00147402
  11 0.21 1.70653 0.00136522
  12 0.23 1.40202 0.00112162
  13 0.25 0.962755 0.000770204
  14 0.27 0.55702 0.000445616
  15 0.29 0.328816 0.000263053
  16 0.31 0.225714 0.000180571
  17 0.33 0.179245 0.000143396
  18 0.35 0.16602 0.000132816
  19 0.37 0.153735 0.000122988
  20 0.39 0.150531 0.000120424
  21 0.41 0.155449 0.000124359
  22 0.43 0.147816 0.000118253
  23 0.45 0.128102 0.000102482
  24 0.47 0.114102 9.12816e-05
  25 0.49 0.108755 8.70041e-05
  26 0.51 0.13451 0.000107608
  27 0.53 0.16349 0.000130792
  28 0.55 0.177837 0.000142269
  29 0.57 0.15149 0.000121192
  30 0.59 0.124306 9.94449e-05
  31 0.61 0.112551 9.00408e-05
  32 0.63 0.115204 9.21633e-05
  33 0.65 0.132592 0.000106073
  34 0.67 0.164327 0.000131461
  35 0.69 0.213163 0.000170531
  36 0.71 0.331388 0.00026511
  37 0.73 0.562959 0.000450367
  38 0.75 0.915041 0.000732033
  39 0.77 1.29502 0.00103602
  40 0.79 1.63233 0.00130586
  41 0.81 1.80073 0.00144059
  42 0.83 1.85612 0.0014849
  43 0.85 1.88176 0.0015054
  44 0.87 1.87112 0.0014969
  45 0.89 1.86318 0.00149055
  46 0.91 1.86914 0.00149531
  47 0.93 1.8658 0.00149264
  48 0.95 1.88014 0.00150411
  49 0.97 1.87827 0.00150261
  50 0.99 1.86959 0.00149567
247500000 50 49.99999999999999
  1 0.01 1.86235 0.00148988
  2 0.03 1.84971 0.00147977
  3 0.05 1.83696 0.00146957
  4 0.07 1.82716 0.00146173
  5 0.09 1.82212 0.0014577
  6 0.11 1.82769 0.00146216
  7 0.13 1.84792 0.00147833
  8 0.15 1.86157 0.00148926
  9 0.17 1.87759 0.00150207
  10 0.19 1.85027 0.00148021
  11 0.21 1.78671 0.00142937
  12 0.23 1.6018 0.00128144
  13 0.25 1.16073 0.000928588
  14 0.27 0.630306 0.000504245
  15 0.29 0.293265 0.000234612
  16 0.31 0.146 0.0001168
  17 0.33 0.115694 9.25551e-05
  18 0.35 0.132816 0.000106253
  19 0.37 0.157898 0.000126318
  20 0.39 0.166633 0.000133306
  21 0.41 0.165143 0.000132114
  22 0.43 0.142918 0.000114335
  23 0.45 0.120837 9.66694e-05
  24 0.47 0.108918 8.71347e-05
  25 0.49 0.0992857 7.94286e-05
  26 0.51 0.100102 8.00816e-05
  27 0.53 0.105184 8.41469e-05
  28 0.55 0.0969388 7.7551e-05
  29 0.57 0.0863878 6.91102e-05
  30 0.59 0.0863878 6.91102e-05
  31 0.61 0.087102 6.96816e-05
  32 0.63 0.101408 8.11265e-05
  33 0.65 0.133102 0.000106482
  34 0.67 0.162449 0.000129959
  35 0.69 0.20502 0.000164016
  36 0.71 0.302327 0.000241861
  37 0.73 0.579286 0.000463429
  38 0.75 1.0442 0.000835363
  39 0.77 1.47014 0.00117611
  40 0.79 1.70786 0.00136629
  41 0.81 1.8012 0.00144096
  42 0.83 1.82671 0.00146137
  43 0.85 1.83131 0.00146504
  44 0.87 1.84857 0.00147886
  45 0.89 1.85522 0.00148418
  46 0.91 1.8428 0.00147424
  47 0.93 1.86692 0.00149353
  48 0.95 1.85753 0.00148602
  49 0.97 1.86149 0.00148919
  50 0.99 1.84804 0.00147843
