# Chunk-averaged data for fix densityRegions2 and group client_coms
# Timestep Number-of-chunks Total-count
# Chunk Coord1 Ncount density/number
49500000 50 50.000000000000014
  1 0.01 1.88767 0.00151014
  2 0.03 1.88176 0.0015054
  3 0.05 1.87476 0.0014998
  4 0.07 1.88851 0.00151081
  5 0.09 1.89069 0.00151256
  6 0.11 1.88171 0.00150537
  7 0.13 1.86063 0.00148851
  8 0.15 1.8339 0.00146712
  9 0.17 1.77429 0.00141943
  10 0.19 1.66988 0.0013359
  11 0.21 1.43318 0.00114655
  12 0.23 1.08357 0.000866857
  13 0.25 0.713082 0.000570465
  14 0.27 0.442469 0.000353976
  15 0.29 0.287939 0.000230351
  16 0.31 0.242 0.0001936
  17 0.33 0.229184 0.000183347
  18 0.35 0.224796 0.000179837
  19 0.37 0.221755 0.000177404
  20 0.39 0.213755 0.000171004
  21 0.41 0.228755 0.000183004
  22 0.43 0.231878 0.000185502
  23 0.45 0.23151 0.000185208
  24 0.47 0.235082 0.000188065
  25 0.49 0.225429 0.000180343
  26 0.51 0.219286 0.000175429
  27 0.53 0.210082 0.000168065
  28 0.55 0.186408 0.000149127
  29 0.57 0.136796 0.000109437
  30 0.59 0.108816 8.70531e-05
  31 0.61 0.118878 9.5102e-05
  32 0.63 0.139653 0.000111722
  33 0.65 0.161755 0.000129404
  34 0.67 0.156449 0.000125159
  35 0.69 0.16002 0.000128016
  36 0.71 0.263265 0.000210612
  37 0.73 0.543796 0.000435037
  38 0.75 1.00284 0.000802269
  39 0.77 1.47618 0.00118095
  40 0.79 1.75808 0.00140647
  41 0.81 1.87035 0.00149628
  42 0.83 1.89412 0.0015153
  43 0.85 1.90043 0.00152034
  44 0.87 1.88165 0.00150532
  45 0.89 1.85004 0.00148003
  46 0.91 1.83929 0.00147143
  47 0.93 1.84659 0.00147727
  48 0.95 1.85592 0.00148473
  49 0.97 1.86286 0.00149029
  50 0.99 1.86827 0.00149461
99000000 50 49.999999999999986
  1 0.01 1.88451 0.00150761
  2 0.03 1.88802 0.00151042
  3 0.05 1.89592 0.00151673
  4 0.07 1.89937 0.00151949
  5 0.09 1.89263 0.00151411
  6 0.11 1.87994 0.00150395
  7 0.13 1.89069 0.00151256
  8 0.15 1.88018 0.00150415
  9 0.17 1.85227 0.00148181
  10 0.19 1.76722 0.00141378
  11 0.21 1.59533 0.00127626
  12 0.23 1.21078 0.00096862
  13 0.25 0.810306 0.000648245
  14 0.27 0.489184 0.000391347
  15 0.29 0.308 0.0002464
  16 0.31 0.230755 0.000184604
  17 0.33 0.198837 0.000159069
  18 0.35 0.177918 0.000142335
  19 0.37 0.146449 0.000117159
  20 0.39 0.134633 0.000107706
  21 0.41 0.144388 0.00011551
  22 0.43 0.165082 0.000132065
  23 0.45 0.167082 0.000133665
  24 0.47 0.176653 0.000141322
  25 0.49 0.172776 0.00013822
  26 0.51 0.172469 0.000137976
  27 0.53 0.167388 0.00013391
  28 0.55 0.159755 0.000127804
  29 0.57 0.145469 0.000116376
  30 0.59 0.12451 9.96082e-05
  31 0.61 0.102939 8.2351e-05
  32 0.63 0.0969796 7.75837e-05
  33 0.65 0.100041 8.00327e-05
  34 0.67 0.133755 0.000107004
  35 0.69 0.215082 0.000172065
  36 0.71 0.396673 0.000317339
  37 0.73 0.679041 0.000543233
  38 0.75 1.06667 0.000853339
  39 0.77 1.45263 0.00116211
  40 0.79 1.68349 0.00134679
  41 0.81 1.79408 0.00143527
  42 0.83 1.84751 0.00147801
  43 0.85 1.85265 0.00148212
  44 0.87 1.8448 0.00147584
  45 0.89 1.83649 0.00146919
  46 0.91 1.84151 0.00147321
  47 0.93 1.86282 0.00149025
  48 0.95 1.85831 0.00148664
  49 0.97 1.8478 0.00147824
  50 0.99 1.85822 0.00148658
148500000 50 50
  1 0.01 1.88049 0.00150439
  2 0.03 1.89437 0.00151549
  3 0.05 1.91045 0.00152836
  4 0.07 1.90888 0.0015271
  5 0.09 1.91751 0.00153401
  6 0.11 1.90067 0.00152054
  7 0.13 1.91835 0.00153468
  8 0.15 1.91076 0.0015286
  9 0.17 1.87502 0.00150002
  10 0.19 1.79137 0.00143309
  11 0.21 1.60112 0.0012809
  12 0.23 1.27582 0.00102065
  13 0.25 0.883286 0.000706629
  14 0.27 0.536265 0.000429012
  15 0.29 0.31051 0.000248408
  16 0.31 0.196327 0.000157061
  17 0.33 0.147714 0.000118171
  18 0.35 0.131143 0.000104914
  19 0.37 0.131878 0.000105502
  20 0.39 0.123429 9.87429e-05
  21 0.41 0.11051 8.84082e-05
  22 0.43 0.10098 8.07837e-05
  23 0.45 0.105592 8.44735e-05
  24 0.47 0.132571 0.000106057
  25 0.49 0.149571 0.000119657
  26 0.51 0.159102 0.000127282
  27 0.53 0.151102 0.000120882
  28 0.55 0.153408 0.000122727
  29 0.57 0.152429 0.000121943
  30 0.59 0.150571 0.000120457
  31 0.61 0.140898 0.000112718
  32 0.63 0.133531 0.000106824
  33 0.65 0.137 0.0001096
  34 0.67 0.158939 0.000127151
  35 0.69 0.225939 0.000180751
  36 0.71 0.378 0.0003024
  37 0.73 0.65802 0.000526416
  38 0.75 1.00496 0.000803967
  39 0.77 1.36898 0.00109518
  40 0.79 1.62035 0.00129628
  41 0.81 1.76929 0.00141543
  42 0.83 1.82339 0.00145871
  43 0.85 1.83824 0.0014706
  44 0.87 1.84492 0.00147593
  45 0.89 1.85416 0.00148333
  46 0.91 1.88541 0.00150833
  47 0.93 1.89353 0.00151482
  48 0.95 1.8882 0.00151056
  49 0.97 1.87861 0.00150289
  50 0.99 1.88645 0.00150916
198000000 50 49.999999999999986
  1 0.01 1.87857 0.00150286
  2 0.03 1.89114 0.00151291
  3 0.05 1.90037 0.00152029
  4 0.07 1.90141 0.00152113
  5 0.09 1.90118 0.00152095
  6 0.11 1.91114 0.00152891
  7 0.13 1.91457 0.00153166
  8 0.15 1.89959 0.00151967
  9 0.17 1.87859 0.00150287
  10 0.19 1.81469 0.00145176
  11 0.21 1.61406 0.00129125
  12 0.23 1.26922 0.00101538
  13 0.25 0.851469 0.000681176
  14 0.27 0.479122 0.000383298
  15 0.29 0.252612 0.00020209
  16 0.31 0.143367 0.000114694
  17 0.33 0.113939 9.1151e-05
  18 0.35 0.116776 9.34204e-05
  19 0.37 0.141878 0.000113502
  20 0.39 0.14551 0.000116408
  21 0.41 0.144898 0.000115918
  22 0.43 0.154816 0.000123853
  23 0.45 0.162959 0.000130367
  24 0.47 0.157837 0.000126269
  25 0.49 0.145959 0.000116767
  26 0.51 0.134224 0.00010738
  27 0.53 0.133265 0.000106612
  28 0.55 0.122449 9.79592e-05
  29 0.57 0.100469 8.03755e-05
  30 0.59 0.106449 8.51592e-05
  31 0.61 0.121735 9.73878e-05
  32 0.63 0.137531 0.000110024
  33 0.65 0.152347 0.000121878
  34 0.67 0.170408 0.000136327
  35 0.69 0.233 0.0001864
  36 0.71 0.40902 0.000327216
  37 0.73 0.700265 0.000560212
  38 0.75 1.06722 0.00085378
  39 0.77 1.40549 0.00112439
  40 0.79 1.64369 0.00131496
  41 0.81 1.77412 0.0014193
  42 0.83 1.81939 0.00145551
  43 0.85 1.84416 0.00147533
  44 0.87 1.84922 0.00147938
  45 0.89 1.86596 0.00149277
  46 0.91 1.8792 0.00150336
  47 0.93 1.88563 0.00150851
  48 0.95 1.89288 0.0015143
  49 0.97 1.88169 0.00150536
  50 0.99 1.88447 0.00150758
247500000 50 50.00000000000001
  1 0.01 1.85629 0.00148503
  2 0.03 1.86496 0.00149197
  3 0.05 1.86449 0.00149159
  4 0.07 1.85751 0.00148601
  5 0.09 1.87443 0.00149954
  6 0.11 1.89245 0.00151396
  7 0.13 1.8839 0.00150712
  8 0.15 1.88769 0.00151016
  9 0.17 1.84198 0.00147358
  10 0.19 1.76188 0.0014095
  11 0.21 1.55182 0.00124145
  12 0.23 1.21355 0.000970841
  13 0.25 0.802673 0.000642139
  14 0.27 0.480531 0.000384424
  15 0.29 0.275653 0.000220522
  16 0.31 0.178 0.0001424
  17 0.33 0.139122 0.000111298
  18 0.35 0.122714 9.81714e-05
  19 0.37 0.114755 9.18041e-05
  20 0.39 0.123898 9.91184e-05
  21 0.41 0.166102 0.000132882
  22 0.43 0.212143 0.000169714
  23 0.45 0.212592 0.000170073
  24 0.47 0.195245 0.000156196
  25 0.49 0.167857 0.000134286
  26 0.51 0.145 0.000116
  27 0.53 0.147714 0.000118171
  28 0.55 0.140714 0.000112571
  29 0.57 0.117653 9.41224e-05
  30 0.59 0.102796 8.22367e-05
  31 0.61 0.0918571 7.34857e-05
  32 0.63 0.0855102 6.84082e-05
  33 0.65 0.086551 6.92408e-05
  34 0.67 0.102 8.16e-05
  35 0.69 0.18598 0.000148784
  36 0.71 0.405224 0.00032418
  37 0.73 0.776571 0.000621257
  38 0.75 1.2029 0.000962318
  39 0.77 1.5412 0.00123296
  40 0.79 1.73365 0.00138692
  41 0.81 1.81202 0.00144962
  42 0.83 1.83041 0.00146433
  43 0.85 1.85649 0.00148519
  44 0.87 1.86343 0.00149074
  45 0.89 1.86814 0.00149451
  46 0.91 1.87237 0.00149789
  47 0.93 1.87422 0.00149938
  48 0.95 1.87986 0.00150389
  49 0.97 1.8692 0.00149536
  50 0.99 1.86631 0.00149304
