# Chunk-averaged data for fix densityRegions3 and group polymer
# Timestep Number-of-chunks Total-count
# Chunk Coord1 Ncount density/number
49500000 50 25400.000000000004
  1 0.01 0 0
  2 0.03 0 0
  3 0.05 0 0
  4 0.07 0 0
  5 0.09 0.000122449 9.79592e-08
  6 0.11 0.0100612 8.04898e-06
  7 0.13 0.0882041 7.05633e-05
  8 0.15 0.720102 0.000576082
  9 0.17 5.31939 0.00425551
  10 0.19 24.5016 0.0196013
  11 0.21 76.9949 0.0615959
  12 0.23 188.706 0.150965
  13 0.25 386.872 0.309498
  14 0.27 640.453 0.512362
  15 0.29 846.85 0.67748
  16 0.31 990.425 0.79234
  17 0.33 1087.89 0.870314
  18 0.35 1125 0.899998
  19 0.37 1157.4 0.925922
  20 0.39 1114.01 0.891208
  21 0.41 1018.27 0.814615
  22 0.43 961.666 0.769333
  23 0.45 977.339 0.781872
  24 0.47 987.066 0.789653
  25 0.49 993.967 0.795174
  26 0.51 1003.55 0.802842
  27 0.53 1035.13 0.828102
  28 0.55 1047.3 0.837843
  29 0.57 1034.23 0.827386
  30 0.59 1016.8 0.813437
  31 0.61 1003.44 0.802751
  32 0.63 1037.56 0.830047
  33 0.65 1069.04 0.855229
  34 0.67 1030.62 0.824497
  35 0.69 973.416 0.778733
  36 0.71 896.812 0.717449
  37 0.73 757.049 0.605639
  38 0.75 522.705 0.418164
  39 0.77 261.652 0.209322
  40 0.79 94.5992 0.0756793
  41 0.81 25.8185 0.0206548
  42 0.83 5.58665 0.00446932
  43 0.85 1.02457 0.000819657
  44 0.87 0.112837 9.02694e-05
  45 0.89 0.00746939 5.97551e-06
  46 0.91 0 0
  47 0.93 0 0
  48 0.95 0 0
  49 0.97 0 0
  50 0.99 0 0
99000000 50 25399.999999999993
  1 0.01 0 0
  2 0.03 0 0
  3 0.05 0 0
  4 0.07 8.16327e-05 6.53061e-08
  5 0.09 0.00246939 1.97551e-06
  6 0.11 0.0222041 1.77633e-05
  7 0.13 0.138633 0.000110906
  8 0.15 1.16278 0.00093022
  9 0.17 6.37453 0.00509962
  10 0.19 23.8138 0.019051
  11 0.21 71.3685 0.0570948
  12 0.23 183.649 0.146919
  13 0.25 380.782 0.304626
  14 0.27 639.008 0.511207
  15 0.29 874.95 0.69996
  16 0.31 987.165 0.789732
  17 0.33 999.986 0.799989
  18 0.35 1019.66 0.815727
  19 0.37 1061.16 0.848925
  20 0.39 1062.03 0.849625
  21 0.41 1034.69 0.827751
  22 0.43 1007.07 0.805657
  23 0.45 1038.32 0.830653
  24 0.47 1106.28 0.885022
  25 0.49 1112.25 0.889802
  26 0.51 1096.19 0.876953
  27 0.53 1076.34 0.86107
  28 0.55 1068.17 0.854535
  29 0.57 1074.88 0.859905
  30 0.59 1080.13 0.864105
  31 0.61 1067.64 0.85411
  32 0.63 1066.08 0.852861
  33 0.65 1045.45 0.83636
  34 0.67 1016.32 0.813056
  35 0.69 971.094 0.776875
  36 0.71 870.5 0.6964
  37 0.73 678.987 0.543189
  38 0.75 413.241 0.330593
  39 0.77 180.053 0.144043
  40 0.79 60.2147 0.0481717
  41 0.81 17.9446 0.0143557
  42 0.83 5.46706 0.00437365
  43 0.85 1.24971 0.000999771
  44 0.87 0.172388 0.00013791
  45 0.89 0.00597959 4.78367e-06
  46 0.91 0 0
  47 0.93 0 0
  48 0.95 0 0
  49 0.97 0 0
  50 0.99 0 0
148500000 50 25400.000000000004
  1 0.01 10.8003 0.00864026
  2 0.03 10.3226 0.00825809
  3 0.05 12.1596 0.00972769
  4 0.07 16.2512 0.013001
  5 0.09 18.7811 0.0150248
  6 0.11 18.6851 0.0149481
  7 0.13 17.5123 0.0140099
  8 0.15 17.1702 0.0137361
  9 0.17 21.2915 0.0170332
  10 0.19 43.1745 0.0345396
  11 0.21 107.069 0.0856556
  12 0.23 235.802 0.188642
  13 0.25 438.179 0.350543
  14 0.27 679.562 0.54365
  15 0.29 890.512 0.71241
  16 0.31 1009.91 0.807932
  17 0.33 1035.48 0.828386
  18 0.35 1049.49 0.839595
  19 0.37 1043.71 0.834968
  20 0.39 1065.63 0.852502
  21 0.41 1101.97 0.881576
  22 0.43 1111.15 0.888924
  23 0.45 1134.6 0.907682
  24 0.47 1123.86 0.899089
  25 0.49 1068.46 0.85477
  26 0.51 992.746 0.794197
  27 0.53 970.498 0.776398
  28 0.55 983.71 0.786968
  29 0.57 1013.4 0.810723
  30 0.59 1045.67 0.836539
  31 0.61 1078.19 0.862549
  32 0.63 1076.62 0.861295
  33 0.65 1058.46 0.846765
  34 0.67 1023.64 0.818913
  35 0.69 937.392 0.749913
  36 0.71 771.04 0.616832
  37 0.73 524.546 0.419637
  38 0.75 275.73 0.220584
  39 0.77 111.467 0.0891738
  40 0.79 45.6089 0.0364871
  41 0.81 29.4405 0.0235524
  42 0.83 28.1444 0.0225155
  43 0.85 29.4693 0.0235755
  44 0.87 30.1722 0.0241378
  45 0.89 27.5856 0.0220684
  46 0.91 22.4316 0.0179452
  47 0.93 15.0819 0.0120655
  48 0.95 9.54129 0.00763303
  49 0.97 8.02092 0.00641673
  50 0.99 9.84127 0.00787301
198000000 50 25400.000000000007
  1 0.01 0.0733673 5.86939e-05
  2 0.03 0.138714 0.000110971
  3 0.05 0.222531 0.000178024
  4 0.07 0.32702 0.000261616
  5 0.09 0.777551 0.000622041
  6 0.11 2.15186 0.00172149
  7 0.13 5.46212 0.0043697
  8 0.15 16.3418 0.0130735
  9 0.17 45.0359 0.0360288
  10 0.19 108.724 0.0869789
  11 0.21 244.655 0.195724
  12 0.23 449.32 0.359456
  13 0.25 649.829 0.519863
  14 0.27 816.673 0.653338
  15 0.29 937.968 0.750375
  16 0.31 978.629 0.782903
  17 0.33 953.774 0.763019
  18 0.35 985.449 0.788359
  19 0.37 1033.67 0.826935
  20 0.39 1080.71 0.864572
  21 0.41 1122.25 0.897797
  22 0.43 1136.49 0.909195
  23 0.45 1116.26 0.893012
  24 0.47 1047.01 0.837609
  25 0.49 985.867 0.788693
  26 0.51 1001.56 0.801251
  27 0.53 1055.07 0.844054
  28 0.55 1080.53 0.864423
  29 0.57 1057.11 0.84569
  30 0.59 1061.68 0.849348
  31 0.61 1063.56 0.85085
  32 0.63 1037.48 0.829985
  33 0.65 997.939 0.798351
  34 0.67 938.718 0.750974
  35 0.69 856.072 0.684858
  36 0.71 711.131 0.568905
  37 0.73 474.396 0.379517
  38 0.75 232.319 0.185855
  39 0.77 84.0407 0.0672325
  40 0.79 23.2747 0.0186198
  41 0.81 5.54655 0.00443724
  42 0.83 1.3882 0.00111056
  43 0.85 0.287531 0.000230024
  44 0.87 0.0443265 3.54612e-05
  45 0.89 0.007 5.6e-06
  46 0.91 0.000489796 3.91837e-07
  47 0.93 0 0
  48 0.95 0 0
  49 0.97 0.000183673 1.46939e-07
  50 0.99 0.0152449 1.21959e-05
247500000 50 25400.000000000004
  1 0.01 0 0
  2 0.03 0 0
  3 0.05 0 0
  4 0.07 0 0
  5 0.09 0.000877551 7.02041e-07
  6 0.11 0.0170408 1.36327e-05
  7 0.13 0.146633 0.000117306
  8 0.15 1.19041 0.000952327
  9 0.17 8.23039 0.00658431
  10 0.19 46.4827 0.0371862
  11 0.21 184.133 0.147307
  12 0.23 451.436 0.361149
  13 0.25 744.711 0.595769
  14 0.27 946.708 0.757367
  15 0.29 1027.05 0.821644
  16 0.31 1038.17 0.830533
  17 0.33 1023.9 0.819121
  18 0.35 1009.38 0.807505
  19 0.37 991.459 0.793167
  20 0.39 993.793 0.795034
  21 0.41 1021.77 0.817412
  22 0.43 1055.02 0.844017
  23 0.45 1074.56 0.859648
  24 0.47 1054.8 0.84384
  25 0.49 991.605 0.793284
  26 0.51 976.406 0.781125
  27 0.53 1007.22 0.805778
  28 0.55 1033.51 0.826809
  29 0.57 1044.09 0.835275
  30 0.59 1058.16 0.846525
  31 0.61 1044.82 0.835853
  32 0.63 1031.7 0.82536
  33 0.65 1008.72 0.806978
  34 0.67 976.479 0.781183
  35 0.69 891.027 0.712821
  36 0.71 725.445 0.580356
  37 0.73 486.584 0.389267
  38 0.75 268.73 0.214984
  39 0.77 120.847 0.0966774
  40 0.79 44.4899 0.0355919
  41 0.81 12.6327 0.0101062
  42 0.83 3.25249 0.00260199
  43 0.85 0.995163 0.000796131
  44 0.87 0.260041 0.000208033
  45 0.89 0.0595918 4.76735e-05
  46 0.91 0.00671429 5.37143e-06
  47 0.93 0.000142857 1.14286e-07
  48 0.95 0 0
  49 0.97 0 0
  50 0.99 0 0
