2.975781782018228211e-04
5.311467367612076251e-04
1.039592923834521676e-03
2.000659737181196413e-03
3.676948717051434050e-03
6.451660956783336273e-03
1.076624801683866671e-02
1.685885151281115921e-02
2.429136730927288976e-02
3.173380018186821444e-02
3.816017094715602742e-02
4.281423830310990275e-02
4.549295588163625170e-02
4.697858001238623682e-02
4.817399293577655228e-02
4.946719943185710205e-02
5.075325640793436344e-02
5.154127847952381242e-02
5.179460870673745221e-02
5.154300490739555096e-02
5.146439313445606845e-02
5.146047242993811999e-02
5.168909233455974694e-02
5.160711995774770744e-02
5.159451439851610310e-02
5.201033970709504489e-02
5.193978020461088863e-02
5.164812591441177853e-02
5.156092153862960187e-02
5.200853420619098999e-02
5.285978175651926542e-02
5.351608133514466209e-02
5.332635877299257698e-02
5.300856425620081858e-02
5.232678998233786238e-02
5.142394727843738883e-02
5.002017691495099644e-02
4.786913344918425350e-02
4.439847968396995470e-02
3.921484046248136651e-02
3.171351135966530427e-02
2.292259335199616638e-02
1.480173363057165833e-02
8.471851732941283047e-03
4.368455563305990649e-03
2.033198289970404408e-03
8.919635725405973548e-04
4.147446438042722483e-04
2.407510256594729589e-04
2.128382452594968725e-04
