0.000000000000000000e+00
2.438085162415288782e-07
1.350830968365227422e-06
5.126568260429985080e-06
1.250671794125464755e-05
2.802480052906006170e-05
7.685898739030253804e-05
2.094381048708312263e-04
6.379875822298605855e-04
1.952056179997478918e-03
5.525168826807452804e-03
1.355349333218925853e-02
2.718247505254237084e-02
4.319071159928365017e-02
5.616749894927128978e-02
6.387565674689246742e-02
6.767396938967730480e-02
6.893614631000163917e-02
6.932326151843828943e-02
6.892485863464155316e-02
6.875004792849645496e-02
6.886976449939036238e-02
6.872638532358228691e-02
6.891032237553811057e-02
6.959755268862941047e-02
7.005404789348522454e-02
7.020236913381169841e-02
7.076480243368410417e-02
7.139323535784505848e-02
7.169255973217672495e-02
7.146173237207020801e-02
7.111969538146079017e-02
7.054928888416532595e-02
6.929239008874664429e-02
6.528419126057462274e-02
5.624802165382457309e-02
4.174608024635899362e-02
2.490375499729738373e-02
1.182135243384163474e-02
4.593227247022600365e-03
1.519401494378494390e-03
4.449307738827166549e-04
1.196902132165170477e-04
3.321726298306883803e-05
9.034093939652326934e-06
1.818679742774648100e-06
2.833450323888038300e-07
1.976825807363747325e-07
0.000000000000000000e+00
0.000000000000000000e+00
