5.404501823462313365e-02
5.445566753075674338e-02
5.428307579759912571e-02
5.380993639118433064e-02
5.390515941637476216e-02
5.403609107601153871e-02
5.225065935369165721e-02
5.033429597173496445e-02
4.656108359856556134e-02
3.921403206121912288e-02
3.093260458919189909e-02
2.193998014777407898e-02
1.546183871529006361e-02
1.144164162053316371e-02
8.778372634739385616e-03
7.909462529877051007e-03
7.180411243263100027e-03
7.108993974370310213e-03
7.031625266403113660e-03
6.623951689806738957e-03
6.632878848418338226e-03
6.760834788517928323e-03
6.725126154071532115e-03
6.841179216022322609e-03
6.948305119361518171e-03
6.986989473345115581e-03
6.891766448154721357e-03
6.454335676186352851e-03
6.427554200351552442e-03
6.031783501903979078e-03
5.933584757176386254e-03
5.921681879027586651e-03
6.365064090070357561e-03
6.838203496485127479e-03
7.189338401874700163e-03
8.659343853251391318e-03
1.107860383699479402e-02
1.592902668263043373e-02
2.266010427577643677e-02
3.134325388532546719e-02
4.076438194010024302e-02
4.768888130316429469e-02
5.050986342442977117e-02
5.255715846602321273e-02
5.331596694800919134e-02
5.342309285134839991e-02
5.444674037214512069e-02
5.388432937961438324e-02
5.412536266212753661e-02
5.377422775673797867e-02
