5.193999423400796900e-02
5.124903215747017571e-02
5.050182898167929896e-02
4.815577169855093931e-02
4.375289707131002626e-02
3.974638828642416272e-02
3.465522973022891473e-02
3.005952847697750813e-02
2.685914211471910479e-02
2.316329844951691211e-02
2.182690280536047842e-02
1.961207475382264684e-02
1.862919459068555078e-02
1.840690834125672734e-02
1.787931326731118792e-02
1.741599373536918335e-02
1.746152224428834318e-02
1.773737144538676397e-02
1.774004959297024314e-02
1.802393323681910839e-02
1.790609474314599700e-02
1.814177173049221978e-02
1.778557810188940991e-02
1.740260299745179789e-02
1.777486551155548281e-02
1.764631442754845125e-02
1.742135003053613823e-02
1.789002585764511155e-02
1.805339286023737236e-02
1.780968143014070859e-02
1.778557810188939950e-02
1.816051876357658440e-02
1.793823251414777137e-02
1.764095813238149638e-02
1.756864814762754828e-02
1.817390950149397333e-02
1.835602353717060223e-02
1.868007939477166895e-02
2.000576244859419289e-02
2.146267473400722409e-02
2.323560843427086714e-02
2.542097686239041046e-02
2.952389896028151384e-02
3.400711801502680209e-02
3.851979669319040983e-02
4.346097898471076165e-02
4.672831903655618596e-02
4.889761857917486465e-02
5.031703679841918742e-02
5.188107498717140637e-02
