6.281913121178133146e-05
9.514389395071073182e-05
1.358738271594683118e-04
2.300732376688831814e-04
3.906061363809480865e-04
7.072643444123630869e-04
1.352207424853317042e-03
2.805262252190443215e-03
6.022861081488705554e-03
1.235374823165001114e-02
2.229375554462356343e-02
3.408112121773266417e-02
4.450791090340394662e-02
5.162497435557673875e-02
5.601151421423157528e-02
5.815051295356978012e-02
5.909571390941808361e-02
5.992471411567876216e-02
6.052677471925405062e-02
6.091818622911209652e-02
6.133013476263547703e-02
6.114468653717360785e-02
6.067701348061370348e-02
6.014376105828876662e-02
5.975390172276842660e-02
5.995146715827174427e-02
6.031342396360007962e-02
6.099225130269463752e-02
6.175302173229299529e-02
6.248850343471119145e-02
6.269406403236874037e-02
6.231496741513294774e-02
6.158961877537168922e-02
6.073183744967125541e-02
5.967494583570689959e-02
5.722408452131439588e-02
5.220247838967835563e-02
4.381049408014311281e-02
3.260134263411081090e-02
2.075304679667252031e-02
1.134345845569997673e-02
5.596437790109155298e-03
2.595953007075945101e-03
1.200372559693653300e-03
5.782215486538961518e-04
2.902199932521914126e-04
1.536066868092276333e-04
8.708283760290523828e-05
5.551219730159976756e-05
4.928153521987181104e-05
